predict,actual
1.0409975219617975,0.709383010864
1.0403652045369243,1.01454794407
1.0403384078353342,1.1157310009
1.040889381913088,0.41828301549
1.0403148945240575,1.00228095055
1.040590911142017,1.21886098385
1.0411061915895898,1.14329600334
1.050295236002849,0.652818977833
1.3271371500052658,0.6746559739110001
1.0419599789868936,0.6009536385540001
1.0428628054072655,0.6694570183749999
1.0414090049091396,0.653807997704
1.0417770623716915,0.781412005424
1.0411189014875772,1.20630395412
1.0406940731473482,0.846925973892
1.0415012575853648,0.82864099741
1.0421721283674665,0.648239016533
1.0403827865624735,0.56237000227
1.323810546038696,0.718330979347
1.0416550473510124,1.09964799881
1.04100853720672,0.954171001911
1.0460146482765083,0.729013979435
1.042311937245328,0.669449985027
1.0465435918644173,0.863121986389
1.0404058762104837,0.646466016769
1.32441882057321,0.822318017483
1.0405523577847886,0.9235979914670001
1.041353822768711,0.8300920128820001
1.0408479688288124,1.06731402874
1.0402283613019265,1.54617500305
1.0405775657491303,0.682727992535
1.0408830269640943,0.6385620236399999
1.0423786642097619,0.6464239954950001
1.0402442486744108,0.688109397888
1.310187971459981,0.727398991585
1.0401606810951436,0.650035023689
1.040814923094045,0.869369029999
1.0430217850479244,0.44085800647699996
1.049145202066622,0.451860994101
1.0415268892129728,0.757507026196
1.041124515025855,0.495238989592
1.3233918608158277,0.685087025166
1.0404980229708924,0.724381327629
1.0410763233293194,0.8653740286830001
1.310334135286836,0.740046977997
1.0405079790576492,0.807075977325
1.0412275711153696,0.8204330205920001
1.042547070358095,1.11441195011
1.0414140888683345,1.1086050272
1.0417538668078645,0.475149989128
1.0411299167324997,1.0392680168200001
1.310308291827595,0.9457899928090001
1.0410380877195407,0.787750005722
1.0406268166038315,0.350454986095
1.0404444295677122,0.9367713332179999
1.042750322810077,0.986805975437
1.0426952465854649,0.647023975849
1.0409120478978322,1.02977705002
1.041184675209662,1.1874469518700002
1.0416422315372085,0.9328820109370001
1.0407410997699016,0.7528370022769999
1.0404422053355644,0.642004013062
1.0423831126740575,0.23073400556999996
1.0406282994252634,0.47149971127499996
1.0408596195686342,0.8772729635240001
1.040370818075202,0.787630975246
1.0435836684547843,0.27422198653200003
1.0408102627981164,0.39922699332199996
1.0424409427099002,0.992351233959
1.0407001103488922,0.7627239823340001
1.0413714047942602,0.7200859785079999
1.040558077238883,0.626478016376
1.0415218052537778,0.726989030838
1.0400893997505976,0.9301019906999998
1.0417202914940145,0.687269985676
1.0406598623385988,0.866255283356
1.0408185242318082,0.835203826427
1.04516192003737,0.940249979496
1.041012879755199,1.0233579873999998
1.042087501630034,0.732262969017
1.0415119550828376,0.930074989796
1.0400857986128345,0.8702930212019999
1.0423301547657766,0.510402023792
1.0413961890953356,1.0258179903
1.0413609191284205,0.455123990774
1.040485101241272,0.734534978867
1.3233971566066558,0.7012919783589999
1.0408063439129036,1.01438605785
1.0407327324203932,1.1237702369700002
1.0421469204031248,0.48253700137100003
1.3241499003149597,0.46893200278299996
1.0399696089620662,0.875519692898
1.3269038174613803,1.1454249620399999
1.0415954167462882,1.9437874555599997
1.0413716166258933,1.5570390224500001
1.041710229491441,2.10477590561
1.0407997771322768,1.06224000454
1.0409534609821078,0.786782979965
1.0423985763832755,2.24797105789
1.041177684765769,0.5664669871329999
1.0415605704426394,0.8389729857439999
1.0401736028247641,0.31881898641600004
1.039968232056451,0.638668000698
1.0408818618901121,0.754026651382
1.0414952203838208,1.08582603931
1.0409279352703165,0.601429998875
1.0397916703902426,0.6923220157619999
1.0412666540516806,0.878243982792
1.0409605573418175,1.27922403812
1.0407585758796343,0.725166976452
1.0410055715638562,0.428310990334
1.0406470465247948,0.701224982738
1.0400046670973482,0.8846225738529999
1.0407028641601228,0.7809653878210001
1.0400272271662758,0.92597001791
1.0450429765753713,0.917864024639
1.041631957703002,0.90730202198
1.0421699041353187,0.409945011139
1.0413877158300107,0.87414598465
1.041576140067674,1.2313439845999998
1.0411688937529944,0.7683960199359999
1.0411147707707313,0.9357339143749999
1.0406163309379919,0.752327024937
1.0413913169677738,0.624783992767
1.0418558637392135,1.9779472351099998
1.0425344663759242,2.47647929192
1.310523830514298,0.682259976864
1.0415249827282747,1.29407799244
1.0403194489041696,2.1165060997
1.041769224601266,2.03023004532
1.0404825592616744,1.72759306431
1.0404941040856797,1.32161903381
1.0413599658860715,1.11427497864
1.0419094571423937,1.6184829473500002
1.32372941452321,1.10235404968
1.0412358325490614,0.850126981735
1.0439707907643172,0.653181314468
1.0414266928505054,0.616827607155
1.0407459718974634,1.02320480347
1.3235015896017857,1.17678105831
1.0418229239202628,1.10875403881
1.0405332929378075,0.983811020851
1.0413294621309017,1.82992756367
1.0409824819158457,1.34213101864
1.041102060872744,1.26566958427
1.0422462694390597,0.793037712574
1.0404236700676661,1.0306893587100001
1.0406528718947057,0.821023225784
1.0413957654320694,1.0991692543
1.0403204021465187,0.525535523891
1.0422374784262851,0.775839388371
1.0407758401577338,0.720975995064
1.040971043007657,0.8666771054269999
1.0434705503626964,0.846204102039
1.0401110065771761,0.7614132165909999
1.0407735100097695,0.658724606037
1.0408728590457044,1.07865929604
1.0406976742851113,1.2819403409999999
1.040951978160676,0.660000503063
1.3101931613349924,1.1125005483600001
1.0420759568060287,0.628070473671
1.0406908956728513,0.686457574368
1.0408099450506667,0.900040984154
1.0402622543632263,0.734256923199
1.0406236391293346,1.0111212730399999
1.0494024715850505,0.882759988308
1.0412968400594007,0.7521411776540001
1.0410947526814012,0.9489411115649998
1.0403452923634107,0.6799052953720001
1.0414199142382454,0.721156597137
1.0404686842897048,0.6504104733470001
1.3244691305860767,0.716710627079
1.0414588912587401,0.9056316018100002
1.041683432789851,0.6526464819910001
1.0403951787130112,0.7056654095649999
1.0435120693627886,0.658105790615
1.0413662149192486,0.659279406071
1.0414015908019802,0.663406431675
1.0409868244643248,0.7808002829549999
1.0413597540544384,0.756590723991
1.040137167783867,0.9280405640600001
1.0426035234883224,0.707382977009
1.3102566049091129,0.38883998990099994
1.0409834351581948,0.342241793871
1.040860149147717,0.23373000323799997
1.041188805926508,0.145912706852
1.040547167909777,0.394953489304
1.3236642762960245,0.967840969563
1.0434976648117362,0.783922016621
1.0420304130049072,0.8333759903910001
1.04126051093432,0.9723259806630001
1.0427139936849963,0.6905210018160001
1.310224936079961,1.3453240394600001
1.0403040911107682,0.7227010130879999
1.041239539602641,0.6804850101469999
1.0400662041867705,0.7610610127449999
1.0413718284575264,0.8075709939
1.0406102937364479,0.588663995266
1.040638043680387,0.9960750937459999
1.040857501252303,1.0454139709499999
1.040607116261951,0.47130599618
1.0411589376662376,1.04714095592
1.0442113255837289,1.12621426582
1.0406253337823996,2.5604617595700003
1.0407544451627884,0.7747610211370001
1.040916920025394,0.717206001282
1.0403260156847964,0.800508022308
1.0414189609958964,0.568039000034
1.039771758216729,1.19578003883
1.0403953905446444,0.797044992447
1.041375323679473,0.48993599414800004
1.041787336205898,0.9918130040169999
1.0440243841674974,0.744569003582
1.040269562554569,0.6096370220180001
1.3232898638844788,0.856591999531
1.040207707717697,0.814429998398
1.0432900698112753,0.760592997074
1.0403837398048226,0.915751993656
1.041340265544191,0.742163479328
1.323562914859575,0.732936024666
1.310217204225352,0.8745691180230001
1.0410321564338132,0.9644910097120002
1.040371559485918,1.4776719808599998
1.040835258930825,0.6752679944040001
1.0406413270707005,0.5030400156970001
1.044190248336233,0.706665992737
1.3235361181579848,2.9681959152200004
1.0414332596311322,1.2553009986900001
1.3102865790851999,4.08481502533
1.0406080695043,1.6923229694400002
1.0407248946499676,0.412105202675
1.3102298082075228,1.03575098515
1.0406869767876386,0.640892028809
1.0409154372039622,0.706547021866
1.0402595005519957,1.06083035469
1.3101779094574075,1.88095402718
1.0398550080485465,1.88637399673
1.0405600896393976,1.32877397537
1.0406180255910569,0.39318400621399996
1.0406058452721523,0.6382430195809999
1.0413440785135872,1.04553198814
1.0412003507505132,0.658802986145
1.041000063941395,0.80467402935
1.0406643108028943,0.8740410208700001
1.0408933007983008,0.853255033493
1.0409464705382148,0.8952109813689999
1.0403306759807252,0.730158984661
1.0411971732760164,0.414941012859
1.0400029724442832,0.270094007254
1.0404219754146011,0.49113199114799994
1.042980795626915,0.507916986942
1.0421479795612905,1.22402000427
1.0411359539340437,1.2676579952200002
1.3101495240185692,2.6334879398299997
1.0432273676478707,3.99961543083
1.0411427325463036,6.65141820908
1.0423963521511277,2.10267806053
1.0419618854715917,1.28368997574
1.3234186575174178,1.29134750366
1.0404774753024795,1.3537540435799997
1.0420253290457122,2.39019107819
1.310173037329846,1.46144104004
1.0407115492570809,1.599208951
1.0407483020454278,1.4711509943
1.0415473309655692,1.29820501804
1.0412183564393287,1.57962203026
1.0398778858649238,1.3603550195700003
1.0411364835131265,0.803641021252
1.3249664053448338,0.427668988705
1.3103308518965227,0.269407004118
1.0408788962472484,0.389717012644
1.0401955273987924,0.417917013168
1.0419929188058443,1.54603600502
1.0418521566856338,1.01761102676
1.0415605704426394,0.865315020084
1.0411142411916485,0.619410991669
1.0415049646389445,0.845414996147
1.0424177471460732,0.804859638214
1.0405318101163756,1.4358890056600002
1.04152635963389,2.56575202942
1.3102163568988194,6.206179142000001
1.3251262323120254,0.9309499859810002
1.0403635098838593,0.907775998116
1.0422192609058365,0.460979789495
1.0403591673353803,0.5264570117
1.04106890922216,0.794224977493
1.0408038019333061,0.9704009890559998
1.3107266593030138,0.669588983059
1.6641256905902033,0.6997730135920001
1.041256168385841,0.6903669834139999
1.0418525803489,0.63616001606
1.0432996022347658,0.9726700186730001
1.0403143649449746,0.639338970184
1.0416248613432924,0.512377977371
1.0414013789703471,0.569913029671
1.0402324920187724,0.83180898428
1.0431654068951821,0.46941101551100006
1.0414150421106836,0.9054309725759999
1.040925605122352,0.848275005817
1.0405819082976093,0.656663000584
1.3101556671359298,0.63240557909
1.0415354683941143,0.326855003834
1.0405721640424856,0.304740995169
1.0407556102367705,0.21594800055
1.0413536109370778,0.214847996831
1.0425919786643172,0.151231005788
1.0449999747538472,0.415333837271
1.0406294644992455,0.734420001507
1.3237035710639689,0.9913370013239999
1.041595946325371,0.791000008583
1.0403720890650008,0.742917001247
1.042696411659447,0.74265486002
1.0407317791780442,0.8799139857289999
1.0445424184263008,0.73768299818
1.041179379418834,1.24034297466
1.040925605122352,0.8343409895899999
1.0414779561057212,0.305472999811
1.0412500252684804,0.892946004868
1.0411971732760164,1.28586602211
1.0413148457482162,0.41464000940300005
1.3245704920225263,1.09013700485
1.0412882608782592,0.592383027077
1.0409695601862252,0.377326011658
1.0438028082792503,2.6935973167400005
1.041353822768711,2.2886660099
1.0425594625086327,0.895527005196
1.0403990975982238,0.8070570230480001
1.0421011647703702,1.19486296177
1.3103472688480897,0.8929409980769998
1.0418648665836212,0.977608025074
1.322931232929601,1.8325070142700004
1.3245748345710053,1.4037929773299997
1.042131880357173,0.7223749756810001
1.0415741276671593,0.6599410176280001
1.040526620241364,0.740734994411
1.0445550224084716,0.555365979671
1.0412425052455048,1.2367689609499999
1.0401113243246258,0.6214020252229999
1.0406197202441219,0.710873007774
1.0404022750727207,0.30647799372699996
1.0411946312964189,0.6473349928859999
1.0422438333752788,0.545826971531
1.0400355945157842,1.02424776554
1.0500414617063671,0.8176820278170001
1.040036124094867,0.7440620064740001
1.0405627375348117,0.736715018749
1.0405983252491764,0.576856017113
1.041923649861813,0.9152600169179999
1.041097188745182,1.13702905178
1.0408518877140251,0.49600800871799994
1.0405932412899814,0.49413600564
1.0403350185292042,0.8834533095360001
1.0423679667122892,1.27152490616
1.0412794698654846,0.886436998844
1.323429249099074,0.898828029633
1.0447209924930236,0.9049779772759999
1.0400560362683806,0.829931974411
1.0412661244725978,0.8756300210950001
1.0409856593903426,0.550292015076
1.3248703396992123,1.07391941547
1.0413971423376847,0.849192023277
1.040550557215907,0.6393229961399999
1.0420484186937227,0.7995309829709999
1.0410743109288048,0.9646000266079999
1.0412100950056369,0.841355979443
1.040801683616975,0.701144993305
1.0440441904251945,0.72400701046
1.0441604859917792,1.01030802727
1.0422475404288585,0.65380603075
1.041386444840212,0.793285012245
1.0410258014848195,0.6538396477699999
1.0401214922430158,1.1607899665799999
1.0409980515408803,0.808578968048
1.0411301285641328,0.374377012253
1.041103755525809,0.25569999218
1.0405003531188568,0.489315003157
1.0411106400538854,1.1518440246600001
1.0435601551435076,0.737277984619
1.0410203997781748,1.08875095844
1.0406051038614363,1.9758529663099995
1.0427396253126042,0.8547700047490001
1.0415964759044538,0.7977370023729999
1.0402885214857336,1.0524289608
1.0405824378766921,3.17945098877
1.0403608619884452,1.79706799984
1.0407516913515578,1.05670201778
1.0403618152307943,0.875126004219
1.0424261144955815,0.664539992809
1.0411949490438686,0.757168412209
1.0410100200281518,1.36848402023
1.0409843884005439,0.9052469730380001
1.0404017454936378,1.0320609808
1.0412956749854185,0.614133000374
1.040707418540235,0.9733130335810001
1.0403224145470333,0.645228981972
1.0411698469953434,0.48943901062000006
1.0412249232199555,0.8408679962160001
1.0440281971368937,0.7771940231319999
1.0429317566038472,0.675535023212
1.0416761245985082,0.659205973148
1.0415293252767537,1.08415305614
1.0411700588269766,0.9314100146289999
1.0419489637419712,1.3594796657600001
1.0407771111475326,0.763398826122
1.041511107756305,0.535733997822
1.323663428969492,0.6781889796259999
1.0417875480375312,0.7839810252189999
1.0401195857583176,1.16936767101
1.0404478188738422,1.01528799534
1.042184096854738,0.925943017006
1.0402979479934076,1.31924402714
1.0425927200750331,0.9717460274700002
1.0405634789455276,1.1762996912
1.0438066212486465,1.71460902691
1.0416113041187725,1.30733704567
1.0414249981974404,0.6186890006069999
1.0408204307165063,2.2984359264400003
1.0428462825398819,1.80824100971
1.0420476772830067,0.879414975643
1.0400538120362328,1.57094502449
1.0406433394712151,1.5785160064700001
1.0419259800097773,0.620030999184
1.0405997021547917,0.9928810000419999
1.0409961450561822,0.455186992884
1.0409671241224443,1.0173989534399999
1.0423016634111215,0.8378469944
1.3228415222329732,0.488476991653
1.0409322778187955,1.2463409900700002
1.0408582426630189,1.20963096619
1.0411745072912721,1.2524510622
1.0405625257031785,1.51972699165
1.0403959201237272,1.06379795074
1.040139074268565,1.57149505615
1.0417458172058058,1.27810502052
1.043273229196442,1.19207799435
1.0420057346196483,0.830443918705
1.0426107257638486,1.40201568604
1.0412027868142941,1.156504035
1.0412548973960423,1.1625548601200002
1.041063613431332,0.60075199604
1.0399705622044153,1.25383579731
1.0411157240130804,1.79184401035
1.045063841991234,1.73406255245
1.0416566360882609,4.93997097015
1.0405693043154385,2.39435100555
1.041627826986156,2.2125759124799997
1.0407118670045306,1.88652706146
1.0403903065854494,0.9343829751010001
1.0428118598994993,0.909982979298
1.0408421434589015,0.8112999796870001
1.0404670955524564,1.04970896244
1.0472150981414183,1.35178804398
1.0403165891771224,1.27730596066
1.042443166942048,0.7854449748989999
1.0438386078252482,0.48462298512500007
1.310208730960027,0.6676359772680001
1.0435731827889447,0.832251012325
1.0428840944863944,0.5959370136259999
1.3103564835241306,0.341089010239
1.0412760805593546,0.686011016369
1.040943504895351,0.8153510093690001
1.041316328569648,0.39854300022100003
1.0416274033228898,0.699815988541
1.0407139853208618,0.42636901140199995
1.0416806789786204,0.686613976955
1.0425936733173822,0.182677000761
1.040451949590688,0.701882481575
1.0409259228698018,1.7966820001599997
1.3227907885568402,0.720426976681
1.043455933980011,0.46806401014300003
1.0404305545957426,0.6408870220180001
1.0406413270707005,0.7520520091060001
1.0421750940103303,1.00181758404
1.041411335057104,1.6608040332799998
1.0465066272444372,1.45059502125
1.324272338998905,1.0850100517299999
1.0403662636950899,1.09955501556
1.0412809526869165,0.769418001175
1.0427828389657614,1.25443041325
1.0429897984713228,1.49632096291
1.0413384649753095,0.718636989594
1.0412830710032477,0.890201985836
1.3101791804472063,0.989175975323
1.0443936067040316,2.84901452065
1.0407210816805714,4.28107500076
1.0408545356094392,1.24873900414
1.0414210793122276,0.70965898037
1.0416770778408573,0.7497439980509999
1.0408650212752788,0.8907449841499999
1.0441279698360948,1.46952795982
1.0412425052455048,1.60888803005
1.0415988060524182,1.04346096516
1.0408737063722369,1.18475103378
1.0434772230591398,0.506372511387
1.0412693019470947,0.694615602493
1.0410126679235658,0.929911017418
1.324557252545456,0.775462985039
1.041132246880464,0.856469631195
1.0420401572600309,0.926900982857
1.04281800301686,0.7506660223010001
1.0401249874649623,0.9248849749570002
1.0418077779584944,1.07016265392
1.0409023036427085,0.8752880096439999
1.0420899376938149,0.7511039972310001
1.0407559279842202,0.8627579808239999
1.0404636003305099,0.509657025337
1.0410295085383992,0.8495249748229999
1.0418768350708927,0.671136975288
1.0425927200750331,0.613218009472
1.0414523244781133,0.381054997444
1.0406570026115516,0.871042013168
1.0407771111475326,0.654031991959
1.0411715416484084,0.9089673757549999
1.041948751910338,0.9709029793739999
1.0459141341665912,0.9856920242310001
1.0407286017035473,1.35625624657
1.310205341653897,1.30987298489
1.0405444140985465,0.634491980076
1.040337984172068,0.593350827694
1.040602032302756,0.879638016224
1.0412721616741418,1.13183641434
1.0412281006944524,1.84127402306
1.0405944063639636,2.26174592972
1.0425536371387218,2.5979759693099997
1.0409620401632493,2.3991920948
1.0407118670045306,1.98229801655
1.0413643084345505,2.2695479393
1.0418543809177816,2.0178899765000002
1.0427064736620204,1.45226204395
1.0439903851903811,1.34279799461
1.0402276198912106,1.3119150400200001
1.042650973774142,1.2767620086700002
1.0404076767793653,1.2752670049700001
1.0413375117329604,1.2104460001000001
1.0413138925058671,0.815348029137
1.0402946646030942,0.72711199522
1.0406633575605453,0.604301989079
1.04046021102438,0.9830358624459999
1.0406420684814164,1.10152900219
1.042104130413234,1.1837249994299999
1.040279942304592,0.435640007257
1.040420810340619,0.327004015446
1.0412949335747026,0.803984999657
1.3234994712854544,0.421685993671
1.0427686462463421,0.573455989361
1.04137818340652,0.39594578743000003
1.0400595314903271,0.416375011206
1.0410373463088247,0.560397028923
1.0411651866994147,0.774905025959
1.0405415543714993,0.637084007263
1.310237751893765,0.383926004171
1.0411153003498141,0.564873993397
1.0410435953420019,1.05471503735
1.0404969638127268,0.6537709832190001
1.3235101687829272,0.593102991581
1.0415506143558826,1.02260899544
1.0403565194399662,0.8359869718549999
1.0405912288894668,0.637534022331
1.0416680749964495,0.9755985140799999
1.3105305032107415,0.48980799317400003
1.0416427611162913,1.0986479520799999
1.040421022172252,1.1511659622200001
1.0417885012798802,0.8061249852179999
1.0403090691541466,0.47447699308399993
1.042237266594652,0.789602994919
1.041812967833506,0.476253002882
1.0402366227356183,0.545522987843
1.0405296918000444,0.6212809681889999
1.0413671681615977,0.7707700133319999
1.3108949595355304,0.933706998825
1.0417704955910647,0.8110550045970001
1.0441904601678662,0.600552976131
1.0409890486964726,1.00252103806
1.0410316268547304,0.8921650052069998
1.0414986096899508,0.9160850048070001
1.0403438095419788,0.741342008114
1.0451167998995148,0.9283249974250001
1.040379291340527,0.642940998077
1.040180381437024,0.9950090050700001
1.0401651295594392,0.627136588097
1.040709325024933,1.0386890173
1.040457033549883,0.6888009905820001
1.043994304075594,0.5214130282399999
1.040791727530218,0.651027023792
1.0403582140930312,1.1597019434
1.3244015562951104,0.645640015602
1.0409081290126194,1.19586265087
1.0408513581349423,1.30470395088
1.3236581331786639,0.8844429850579999
1.0404076767793653,0.7697709798810001
1.0414842051388984,0.770210027695
1.0404288599426776,0.641828000546
1.0435440559393903,0.893715977669
1.0408282684869319,0.5247250199319999
1.0421535930995682,0.514221012592
1.0405615724608295,0.717274844646
1.0401763566359947,0.641076982021
1.0407746750837517,0.4689820110800001
1.04030218462607,1.2037500143100002
1.0417721902441297,0.7911959886550001
1.0408779430048993,1.13630115986
1.0419865638568506,0.8642929792399999
1.0404064057895666,0.8814030289650001
1.042839715759255,0.58174097538
1.0399326443420862,0.865119993687
1.0404497253585403,0.907812476158
1.0429095142823692,0.7377740144730001
1.0409841765689107,1.1203750371899999
1.0409929675816854,0.9422479867940001
1.041493737562389,1.06006002426
1.0427330585319774,0.715842008591
1.0414534895520955,0.404020994902
1.0427025547768076,0.29207798838599996
1.043105246711375,0.631792426109
1.0405833911190412,1.12466526031
1.0405347757592394,1.11569094658
1.0407439594969488,1.24741899967
1.0410173282194946,0.697616994381
1.0433025678776295,3.69397497177
1.0473148708406195,0.820483982563
1.3243370535628243,0.85730701685
1.0408803790686803,0.690235972404
1.0403608619884452,0.8385969996449999
1.0438943195447596,1.28772699833
1.040897855178413,0.9632229804989998
1.0405396478868012,1.34329998493
1.0427489459044617,0.7316169738770001
1.040922745395305,0.6809219717980001
1.0401235046435304,0.701478421688
1.0420108185788433,0.669803023338
1.0404192216033705,1.36564302444
1.0404504667692562,0.9781420230869999
1.0418339391651852,0.67867898941
1.0434006459237657,0.597633004189
1.0412958868170517,0.819377481937
1.0405400715500674,0.791110992432
1.0412141198066662,1.0441473722499999
1.0420647297294732,1.4000159502
1.0402615129525103,0.874862015247
1.0415257241389906,0.622817993164
1.0405408129607834,0.7164059877399999
1.0409903196862713,0.6523500084880001
1.0407843134230588,0.9379299879069999
1.040311399302111,0.593699991703
1.0405412366240496,0.539344012737
1.3235274330610267,0.9370089769359999
1.0411040732732586,0.808772027493
1.040552993279688,0.56542801857
1.042312890487677,0.602082014084
1.041286142561928,1.14667999744
1.04157688147839,0.9824249744419999
1.0409637348163143,0.567151010036
1.041212001490335,0.786639988422
1.0409609810050837,0.7388439774510001
1.0407256360606836,0.681029975414
1.0409530373188416,0.708697974682
1.0408647035278291,0.6642330288889999
1.0407722390199707,0.512479007244
1.0417233630526948,0.604038000107
1.3241869708507563,0.672879993916
1.0405171937336901,0.8265414834020001
1.0401113243246258,0.454686015844
1.0402646904270072,0.559450984001
1.0398927140792424,0.133221805096
1.04092444004837,0.163306996226
1.0403484698379075,0.17978604137899998
1.0411205961406422,0.57479184866
1.041353081357995,0.8508148789409999
1.040452479169771,0.852764010429
1.0402788831464265,1.6876280307799998
1.0427313638789124,2.1495220661200003
1.0406645226345275,0.812285006046
1.3107056879713346,1.2396399974799999
1.0409525077397588,2.12843728065
1.04079321035165,2.1392390728
1.0406665350350421,0.9779880046840002
1.040743641749499,0.6937779784199999
1.0410684855588939,0.721879005432
1.0404161500446902,0.7631160020829999
1.0462541239377543,0.856532990932
1.3226009874135616,1.1093380451200001
1.310238916967747,0.647634029388
1.0408056025021877,0.9241870045659999
1.0403852226262544,0.7877320051189999
1.040280471883675,1.3055670261399999
1.040770014787823,0.910771012306
1.041130552227399,0.869964003563
1.0410767469925857,0.574302017689
1.0445498325334601,0.859953224659
1.041063613431332,0.47758498787899994
1.0413500097993147,1.1080174446100002
1.042870643177691,1.29072499275
1.0410055715638562,0.859157979488
1.04165758933061,0.305898010731
1.0406022441343892,0.903901994228
1.0408048610914717,0.635275006294
1.0427979849275297,1.0234229564700001
1.3101999399472524,0.673066973686
1.041459420837823,0.850479006767
1.0418026939992995,0.51419699192
1.0422274164237117,1.52795660496
1.310209684202376,4.09438562393
1.0406911075044845,0.9952359795569999
1.0406840111447748,0.8670449852940001
1.0402714690392671,1.14105606079
1.0408089918083177,1.6222579479199999
1.040368170179788,1.9802049398400003
1.0417065224378614,1.3755470514300001
1.0445618010207316,1.8518650531799998
1.0403471988481088,1.42092394829
1.0414018026336134,1.5891779661200003
1.0411155121814473,1.67319941521
1.0406991571065431,2.12393403053
1.040710066435649,1.64840197563
1.0405902756471177,1.2047419548
1.0405134866801105,0.792083978653
1.0405717403792194,1.22702741623
1.0402162868988385,1.2269510030700002
1.0427120872002982,1.13134396076
1.0415695732870471,1.25246500969
1.0412166617862637,1.1168919801700001
1.0435184243117823,1.1223870515799999
1.0416264500805408,1.0401530265799999
1.0424309866231434,0.809131026268
1.0418619009407575,0.7681059837340001
1.0402790949780596,0.7982919812199999
1.0418334095861024,0.766672253609
1.041381360881017,1.05736005306
1.041211260079619,0.8607699871060001
1.0415218052537778,1.0707770586
1.0405775657491303,0.53015100956
1.0417717665808635,0.660418987274
1.3102771525775259,0.990917980671
1.040891076566153,0.356153011322
1.3258727269871522,0.961823999882
1.0404624352565277,1.24482905865
1.310516098659689,0.8381230235100001
1.0414735076414257,0.9245989918709999
1.3103316992230551,0.8131660223010001
1.040590911142017,1.00306105614
1.0411530063805101,0.875234007835
1.041760539504308,0.7991399765009999
1.0410345924975941,0.881296157837
1.040941810242286,1.06308019161
1.0412772456333368,0.9057049751280001
1.040205271653916,0.690955996513
1.0405876277517037,1.3559700250600002
1.0408165118312935,0.757239997387
1.0414410974015578,2.04375457764
1.0400837862123198,0.8576130270960001
1.0415731744248102,2.36495709419
1.0426229060827532,4.17923116684
1.0412792580338515,2.23356199265
1.0409575916989537,0.8013390302660001
1.3101941145773415,0.83728402853
1.040073088714847,0.8851529955859999
1.0418201701090322,0.9040349721909999
1.0413058429038085,1.30293953419
1.0430034616116592,0.722869992256
1.0412123192377847,0.800912022591
1.04254876501116,1.03291928768
1.041098671566614,1.3216282129299999
1.3104012859145362,0.93677598238
1.040951978160676,0.700770020485
1.0408588781579182,0.762431979179
1.310400120840554,1.14493894577
1.0404823474300413,0.772161006927
1.040373995549699,0.8772150278090001
1.040300489973005,1.2435050010700002
1.0400991440057212,0.638184010983
1.0416680749964495,0.746819972992
1.0417274937695407,0.683992981911
1.0419139056066893,1.4195051193200001
1.042169374556236,0.614147007465
1.040078172674042,0.7347676754000001
1.0421960653420095,0.6770560145379999
1.0417774860349578,1.07402694225
1.322936528720429,0.615638971329
1.3228665183656818,0.9692379832269999
1.041057576229788,0.9916120171549999
1.0412380567812092,0.808956027031
1.3231367096137305,2.4351439476
1.0406959796320463,0.822347998619
1.0408711643926394,0.593822002411
1.0424326812762084,0.576224982738
1.04050056495049,0.42242398858099994
1.0402457314958427,0.676587998867
1.0413174936436302,0.552034974098
1.3103577545139293,0.9015229940410001
1.0418006815987848,0.748996019363
1.0404495135269072,0.8627583980560001
1.0408213839588554,0.9480749964709999
1.0407169509637255,1.05561387539
1.0421201237015347,1.9700200557700003
1.0424695399803718,0.9391199946400001
1.0406221563079028,1.00904297829
1.041553897746196,0.7824029922490001
1.0406452459559132,1.01626503468
1.0431228287369243,0.878274977207
1.044795557227883,0.735361993313
1.0431794936987848,1.1099909544
1.040981952336763,0.772719979286
1.042423360684351,1.16498196125
1.0403771730241957,0.715721011162
1.0407259538081333,1.47547900677
1.0417321540654694,0.835452020168
1.3101806632686381,0.734466016293
1.0417397800042618,0.786192774773
1.3102845666846852,1.14346504211
1.041161479645835,0.924699008465
1.0409780334515502,2.95876455307
1.0413002293655307,2.13832402229
1.0420174912752866,2.03871202469
1.0425116944753634,1.4802099466299998
1.0424819321309096,0.9367650747299999
1.0407261656397664,1.71593976021
1.3268743728643762,1.00140202045
1.0408022131960577,0.889622986317
1.041328932551819,0.749293982983
1.041595204914655,1.1151839494700002
1.0409028332217913,0.9457820057870001
1.6641065198274057,0.645218014717
1.0431682666222293,1.16484200954
1.041630263049937,1.2443510294
1.0414917251618743,0.9045109748839999
1.0406594386753325,0.5575259923929999
1.04184580173664,0.577834367752
1.041791466922744,0.719983577728
1.0408484984078952,0.76077902317
1.0431740919921402,0.540440022945
1.042273277972283,0.8009672760959999
1.0405451555092624,0.771014988422
1.040623321381885,0.670971989632
1.3102453778325573,2.7689704895
1.040344021373612,3.08613300323
1.0411975969392826,1.11635804176
1.0411250446049378,1.01826095581
1.0406048920298032,0.744261026382
1.0423091834340974,1.1143867969499999
1.3102893328964305,1.3805164098700002
1.0433079695842742,1.22909843922
1.0413425956921554,1.57323896885
1.0421372820638177,1.24559795856
1.0406277698461806,0.829861998558
1.0416600253943908,0.537698030472
1.0405729054532016,0.8593800067899999
1.0419867756884837,0.794964790344
1.041091892954354,0.812288999557
1.041878953387224,1.20946097374
1.043410707926339,1.04361104965
1.0416156466672515,0.9914460182189999
1.0404107483380456,1.37764596939
1.040074571536279,0.7495359778399999
1.0403136235342587,0.754966974258
1.0426866674043234,0.852221012115
1.0418119086753403,1.31262803078
1.0409705134285743,0.949999988079
1.0405357290015884,0.8433979749680001
1.3103217431362983,0.632993996143
1.040045550602541,0.6848490238189999
1.0409617224157997,0.829603970051
1.0402868268326686,1.11777603626
1.0404202807615361,1.0605150461200001
1.040011233877975,0.9966710209849998
1.0463424577287668,0.6726049780850001
1.0409558970458888,0.84998100996
1.0411574548448057,0.792970001698
1.310179710026289,0.7509549856190001
1.0412236522301568,0.9556260704989998
1.040088340592432,0.6085839867589999
1.0405968424277445,0.778249979019
1.0413148457482162,0.509814023972
1.0410492088802796,0.636431992054
1.0416381008203626,0.6015599966049999
1.0409339724718605,0.65563338995
1.0410312031914641,0.638554990292
1.0409622519948825,0.8762890100480001
1.0402459433274758,0.7967479825020001
1.048270443337639,0.682483017445
1.0404699552795036,0.802550017834
1.0476578262546463,0.795031189919
1.042414887419026,1.58489704132
1.0403730423073498,1.0174859762200001
1.0415654425702012,0.917778015137
1.0409578035305869,1.2302210331
1.0418901804637795,1.0278990268700001
1.0409454113800491,0.9125559926029998
1.040015364594821,0.793597996235
1.041466199450083,1.0304379463200002
1.0400586841637947,0.532537996769
1.040711019677998,0.612778007984
1.0405473797414102,0.874128997326
1.04048361841984,0.366723001003
1.0447299953374314,0.7391750216480001
1.0416231666902274,0.560423016548
1.0419618854715917,0.775817811489
1.040521112618903,0.8102909922600001
1.0409315364080796,0.6437510252
1.040950495339244,0.723645746708
1.310224936079961,0.9113870263100001
1.0411318232171978,0.662783026695
1.0411055560946905,1.0020359754600001
1.040018224321868,0.8224419951440001
1.041428493419387,1.0305769443500001
1.0415877908074958,0.678113996983
1.0408348352675587,0.533345997334
1.0412232285668905,0.320995986462
1.3102612652050416,0.7608630061149999
1.0421638669337747,0.7439860105509999
1.3231210340728794,0.546840012074
1.0412151789648318,0.7004669904709999
1.0410881859007743,0.8356525897980001
1.0423284601127116,1.27425897121
1.0408616319691488,0.893445014954
1.0464836435122433,0.621165990829
1.0415841896697327,0.790015995502
1.0412366798755939,1.06749498844
1.0419070210786128,0.66980099678
1.0417546082185805,1.26569497585
1.0408788962472484,0.638062000275
1.0426310616006285,0.9348030090330001
1.0405232309352341,0.8006410002709999
1.6640911620340042,1.08570897579
1.04111943106666,0.352703988552
1.040950495339244,0.588370978832
1.0415415055956583,0.48754200339299997
1.0405351994225056,0.46368801593799996
1.3291819607598057,0.363703995943
1.0438899769962806,0.875024318695
1.0398812751710538,0.6435279846190001
1.0402414948631802,0.4834130108359999
1.040365734116007,0.212089002132
1.0441340070376388,0.45604699850100006
1.040776793400083,0.43679100275
1.0404375450396357,0.723880410194
1.0403990975982238,0.556069016457
1.0435193775541314,0.474842995405
1.0402001876947211,0.267464011908
1.0406328538053755,0.958843708038
1.0399255479823766,0.78689801693
1.0404943159173128,1.7943609952900001
1.0421387648852496,1.33767795563
1.0405067080678505,1.2104539871200002
1.0417309889914872,0.56547999382
1.0411076744110217,0.40084299445200006
1.040270303965285,0.272765487432
1.0415578166314088,0.583644986153
1.0420235284768307,0.853380262852
1.0408408724691027,0.866061031818
1.3110858198369744,1.15834999084
1.0420180208543695,0.7764859795569999
1.0409337606402274,1.06880700588
1.0442523150047383,0.5888479948040001
1.0406969328743954,1.5888684988
1.0424029189317545,0.432785987854
1.0420555150534323,0.399603009224
1.0411591494978707,0.554534971714
1.041161267814202,0.6221979856490001
1.310396519702791,1.14955198765
1.0413051014930925,1.12126004696
1.0405586068179657,0.9776459932329999
1.3247191978289787,1.73274195194
1.0418993951398203,2.30270791054
1.0407028641601228,1.05347704887
1.043369612589513,0.796280026436
1.0411157240130804,0.520332992077
1.0437766470725598,0.610480010509
1.0417328954761853,0.445305794477
1.0405793663180118,0.652213871479
1.0401203271690336,1.17554116249
1.040367216937439,1.0322021246
1.040769273377107,0.7193930149079999
1.0416734767030942,0.820013999939
1.0404315078380917,0.9497330188750001
1.0405449436776293,1.0391149520899998
1.040860890558433,0.58838301897
1.0410338510868782,0.950855970383
1.040308221827614,0.527760028839
1.0405883691624196,0.773606300354
1.0424551354293194,0.970355987549
1.0409154372039622,1.38388991356
1.0400599551535934,0.779523015022
1.042291389576915,0.606999993324
1.0401850417329528,0.466057002544
1.0400716058934152,0.945527017117
1.0398977980384374,0.623872995377
1.0415971113993532,0.39232400059699996
1.0418469668106223,0.5156549811360001
1.0412538382378766,0.967938542366
1.0402240187534475,1.3565659523
1.0426029939092396,0.9072690010069999
1.0414813454118512,0.816276013851
1.041352128115646,2.47986698151
1.0408962664411645,1.1330800056499999
1.0402629957739422,1.04558396339
1.0404738741647164,0.847437024117
1.0410981419875311,1.5365229845
1.0427918418101692,0.900898993015
1.042239702658433,0.48120099306100006
1.0422215910538009,0.85725402832
1.0410203997781748,0.861747980118
1.0413249077507896,1.0086940527
1.0433081814159073,1.12772703171
1.040543566772014,0.77955698967
1.0404309782590089,0.989550292492
1.0407378163795882,0.8363329768179999
1.0410375581404578,0.9099559783939998
1.0412859307302949,0.551105976105
1.0413256491615055,1.23976433277
1.0420106067472101,1.21183896065
1.0410913633752712,1.37998199463
1.0410740990971716,1.14846098423
1.040480017282077,0.766390025616
1.0407737218414026,0.9660840034479998
1.0414489351719833,0.815675020218
1.041319717875778,1.1422729492200001
1.0408365299206237,1.2994799614
1.040791515698585,0.858331024647
1.0404433704095466,0.714946985245
1.0414274342612213,0.8764400482179999
1.040556382585818,0.830546021461
1.0430505941500292,0.853524029255
1.0412738563272068,0.909241020679
1.0413026654293116,0.520272016525
1.0403323706337901,0.741104006767
1.0430967734460501,0.585331976414
1.041399260654016,0.504777014256
1.0411576666764388,0.5519493222240001
1.6641268556641855,0.969752013683
1.3232596778767587,1.11651599407
1.0401229750644476,1.0498449802399998
1.0437612892791583,0.634262979031
1.0425288528376464,0.5644329786300001
1.0408279507394822,0.9184709787369999
1.0411181600768613,0.9593539834020001
1.0414187491642632,0.598415970802
1.0409977337934306,0.9383450150489999
1.0428270058612676,0.45422500371900004
1.0417060987745952,0.7079470157619999
1.041066049495113,0.38765001296999996
1.041029296706766,0.448433995247
1.0405396478868012,0.840570986271
1.3250502906715507,0.533711016178
1.040428542195228,0.721135020256
1.040551298626623,0.521538615227
1.040639738333452,0.705075979233
1.0436136426308713,0.640564978123
1.3243273093077006,0.516858994961
1.0405912288894668,1.66040945053
1.3102854140112177,2.46530795097
1.040982905579112,1.62215602398
1.0408832387957274,1.8662700653100002
1.040738345958671,3.62353610992
1.040611246978797,0.794870972633
1.0409522959081257,0.906598985195
1.0403530242180197,0.8571879863740001
1.0412232285668905,0.775637984276
1.0417815108359871,0.700670003891
1.0407310377673282,0.6443409919740001
1.0417180672618667,0.7579550147059999
1.0404061939579334,0.549960017204
1.0449845110446292,0.49646699428599994
1.0406360312798724,1.36767756939
1.041546165891587,1.3978940248500002
1.0416083384759087,0.814813017845
1.0414776383582716,1.27889895439
1.0408404488058365,0.862398028374
1.0419208960505824,1.09386599064
1.0417063106062283,0.813471019268
1.040199234452372,1.46668708324
1.040424199646749,0.9060310125350001
1.3103738537180467,0.7652140259739999
1.042341911421415,1.3110339641600002
1.040543566772014,0.789250016212
1.3101824638375197,1.47490203381
1.0403922130701475,0.9167850017550002
1.324666451752331,1.18614006042
1.0409646880586634,1.4113919735
1.0420442879768768,2.09247207642
1.0415971113993532,0.718922019005
1.0466440000585178,1.3018610477399999
1.041659495815308,1.26897478104
1.0418119086753403,1.2219970226299999
1.04103533390831,0.906111001968
1.0417500538384683,1.0788739919700001
1.310514192174991,1.0280250310899999
1.0401419339956122,0.7863690257070001
1.0422277341711614,1.27685296535
1.0431080005226057,0.709342002869
1.041578046552372,0.520192980766
1.0408434144487002,0.564561009407
1.3261889916154055,0.9855200052259999
1.0412312781689492,1.09284198284
1.0453976886450365,0.47868999838799997
1.0408691519921247,0.39550599455799995
1.0405567003332676,1.85070300102
1.040585615351189,1.1957960128799998
1.0420579511172132,1.70251083374
1.0408665040967107,2.9983510971099996
1.0402946646030942,2.40708088875
1.0401561267150314,2.5859439372999997
1.0407028641601228,2.23383903503
1.0405936649532477,1.65577304363
1.0404960105703778,1.4306110143700002
1.046675139308587,0.8921740055080001
1.3242581462794858,1.23169696331
1.0405149695015423,0.895507991314
1.3101907252712115,1.60203301907
1.0403556721134337,1.58539903164
1.0424104389547304,1.2320599556
1.0412743859062896,1.21037101746
1.0406217326446365,1.24214100838
1.0413769124167214,0.9857040047650001
1.0415708442768459,0.728968977928
1.0413979896642171,0.6761519908910001
1.0414864293710462,1.07157301903
1.0405653854302257,0.9457439780239999
1.041704192289897,0.43763700127599997
1.0413901518937916,0.514182031155
1.0404714381009355,0.338719010353
1.0405206889556367,0.714428007603
1.0415356802257474,0.499619990587
1.0410158453980627,0.79173797369
1.0427572073381535,0.864624321461
1.0419852928670519,0.602496027946
1.04074268850715,1.2600699663200001
1.0410270724746182,1.01233994961
1.3234446068924755,1.00452899933
1.0417502656701014,0.631023526192
1.0403968733660762,1.1412210464499999
1.041796550881939,0.542609989643
1.0409035746325073,0.854745984077
1.0409500716759779,0.7744219899179999
1.0405432490245643,0.308434009552
1.0401884310390828,0.837620973587
1.0402193584575188,0.7293469905850001
1.3236347257832037,0.7503905892370001
1.0409015622319926,1.13482201099
1.040953884645374,1.61424005032
1.0417858533844662,1.2447930574400001
1.0408123811144476,0.714163005352
1.0409707252602074,0.729304015636
1.040238635136133,0.648698985577
1.0414242567867245,0.342799007893
1.6640857603273596,0.386186003685
1.0402515568657535,0.636629998684
1.0421809193802412,0.39904800057400003
1.042868736692993,0.417885988951
1.0414171604270148,1.10379052162
1.041480180337869,0.695618987083
1.0411289634901506,0.8070139884950001
1.0434701266994302,0.594769001007
1.0401846180696865,1.1076079607
1.0412657008093316,0.971358001232
1.040379291340527,0.717034995556
1.0407758401577338,0.67648100853
1.0410314150230973,1.6877729892700002
1.0411620092249179,0.990756988525
1.0404818178509585,0.808203995228
1.0410496325435459,1.08771896362
1.3102041765799148,1.5648180246399999
1.0400642977020724,0.667380988598
1.0409826937474789,1.2564899921400001
1.044170442078536,1.09188604355
1.0411354243549609,0.737550973892
1.0399995831381532,0.6224380135540001
1.040067792924019,0.8364729881290001
1.0415218052537778,0.577426016331
1.0403850107946213,1.0157610178
1.04045343241212,1.10615897179
1.0404765220601304,0.6945540308949999
1.0408888523340052,1.13090395927
1.0406350780375233,0.951821982861
1.041067002737462,0.752457022667
1.0404943159173128,0.558522999287
1.0403767493609295,1.4158363342299998
1.310343349962877,1.8552980423
1.0407863258235734,0.7845479846
1.0417209269889138,0.8210539817810001
1.0427937482948673,0.583589017391
1.324093764932182,0.835972011089
1.041540128690043,2.18466305733
1.0423260240489307,0.680548012257
1.0415274187920556,1.238904953
1.325384455072803,1.03032803535
1.0439410284198634,0.791410982609
1.044012627511859,0.842372000217
1.042340428599983,0.446471005678
1.3255335845425216,0.558933794498
1.0404178446977552,0.709932982922
1.3246988619921989,0.7334340214730001
1.0419267214204933,0.7833399772640001
1.310343349962877,0.842680990696
1.0424177471460732,1.09976100922
1.311427398345386,0.8706315755840001
1.0406219444762697,0.586246013641
1.0413226835186418,0.8863990306849999
1.0401897020288815,1.0193990469
1.0408772015941834,0.849361002445
1.0434744692479092,1.0106669664399999
1.0414950085521877,1.33151602745
1.0417111827337902,1.2150089740799999
1.0410224121786895,1.64559102058
1.0412251350515886,0.970878005028
1.0408411902165524,1.4112720489500001
1.040332158802157,0.7953929901119999
1.0409592863520187,1.04633104801
1.3229152396413002,0.887933969498
1.0409705134285743,0.8349300026890001
1.0408955250304486,0.9847199916839999
1.0411920893168214,1.09039402008
1.0409530373188416,0.490164995193
1.0405999139864248,0.6141669750209999
1.0437594887102768,0.631474018097
1.0402522982764695,0.825244009495
1.0406319005630265,1.05145096779
1.0403829983941066,1.0471149683
1.041852368517267,0.39214301109300004
1.0441802922494763,0.46951499581300005
1.0411417793039546,0.772090017796
1.0402133212559748,0.7520099878309999
1.0405269379888138,0.687739372253
1.0409624638265156,0.6718119978899999
1.0424975017559441,1.18593323231
1.0417828877416024,0.657198011875
1.0422299584033092,0.8213180303569999
1.043572865041495,0.7795739769939999
1.0399104020206082,1.03012299538
1.040853370535457,0.621188998222
1.0405274675678966,0.8660820126530001
1.041595946325371,0.9608931541440001
1.3106070803461156,0.6760399937630001
1.323837872319369,0.740238010883
1.0427766958484008,0.598470985889
1.0422823867325073,0.615105986595
1.0429836553539622,0.935873568058
1.3104083822742458,0.58182477951
1.040639738333452,0.715665996075
1.0419568015123968,0.6529520154
1.041679302073005,0.9700022935870001
1.0405357290015884,0.7834500074390001
1.0408881109232893,0.744813024998
1.040759105458717,0.8276180028919999
1.0405016241086555,0.8943400979039999
1.0403469870164757,2.50501704216
1.040005408508064,1.62071204185
1.0407338974943754,1.41758596897
1.0400552948576647,1.04987204075
1.0414356956949131,1.22650754452
1.0419993796706546,1.0431790351899999
1.040327074842962,0.9694439768790001
1.0410876563216915,0.819225013256
1.0411830864724136,0.8129550218580001
1.040674055058018,0.671208024025
1.0414974446159686,0.528989970684
1.0411908183270226,0.346193015575
1.0405396478868012,0.478949010372
1.0424865924268383,1.15381097794
1.040369864832853,0.9671270251270002
1.3102563930774798,0.784583985806
1.0414752022944906,0.470185995102
1.0407447009076647,0.563278257847
1.0405154990806251,0.241623997688
1.041467152692432,0.270985990763
1.0408976433467798,0.199468001723
1.0443408606273838,0.132716998458
1.0399903684621123,0.4732620120049999
1.3107347089050725,0.6585559844969999
1.0410211411888908,0.9621880054470001
1.0406207794022875,0.511197984219
1.0405086145525486,0.9829789996150001
1.042189180813933,0.910009980202
1.0423851250745721,1.0265760421799999
1.3102169923937188,0.830938994884
1.0401831352482547,0.9651920199390001
1.3108922057242998,1.00054395199
1.0408031664384068,1.98318505287
1.0407855844128575,1.27485501766
1.0424207127889369,1.28652596474
1.0407173746269918,1.3822449445700002
1.0449099463097697,1.73692405224
1.0408878990916561,1.25766801834
1.0410640370945983,0.7533379793170001
1.3102228177636297,1.0849089622499999
1.0404069353686494,1.06249403954
1.0418162512238194,0.778762996197
1.0412707847685265,0.825646996498
1.0416195655524643,0.989183008671
1.0411992915923476,1.41809201241
1.0413199297074112,1.15167796612
1.0438060916695637,1.25036406517
1.3101990926207199,0.879401981831
1.0415849310804486,1.0894230604200001
1.0420092298415948,1.8090629577599997
1.0404589400345812,0.868739008904
1.0459716464549842,0.8521729707719999
1.040337454592985,1.3078379631000001
1.0407771111475326,1.2625759840000002
1.045268047685565,0.760155975819
1.0407580463005515,1.06988704205
1.0418658198259703,0.8579840064049999
1.0423777109674128,1.14932394028
1.0406200379915715,1.06714296341
1.0404446413993453,0.740061998367
1.3103396429092973,0.679988026619
1.04310694136444,0.7323921322820001
1.0411764137759703,0.835274994373
1.0400202367223828,0.600082993507
1.041268242788929,1.0105639696100002
1.0420845359871702,0.761397004128
1.0406986275274603,0.726006984711
1.0409096118340513,1.06432402134
1.0427969257693641,0.5901079773899999
1.0410838433522953,0.774465978146
1.3104294595217416,0.7406870126719999
1.0423518675081718,0.8908360004429999
1.0439243996366632,0.7620100975040001
1.3101892424497796,0.777450025082
1.0404386041978013,0.581107020378
1.0436945623147245,0.7908779978749999
1.0402907457178814,0.890371978283
1.0401298595925241,0.788205981255
1.0410555638292733,0.730194985867
1.0428874837925244,0.9248933196069999
1.040204106579934,1.26558697224
1.0428426814021188,0.7884140014650001
1.041160526403486,0.91806101799
1.0404071472002825,0.656926989555
1.0407604823643324,0.825268030167
1.0400175888269687,0.42572298645999995
1.0405393301393515,0.9114630222319999
1.0416031486008972,0.7238519787790001
1.040671407162604,0.9657319784160001
1.0407987179741112,0.719420015812
1.0413609191284205,0.714648008347
1.0421696923036856,0.618879973888
1.0404171032870393,0.850296974182
1.040422504993684,0.611301481724
1.0408443676910493,0.840580999851
1.0409841765689107,0.590990006924
1.3105802836445255,1.1918078661
1.0409592863520187,1.07247805595
1.0420018157344355,0.7976800203319999
1.0424321516971256,0.714037001133
1.0408511463033092,0.8885610103610001
1.3101928435875427,0.736729025841
1.0439623174989923,0.9655410051350001
1.0406503299151082,0.856945991516
1.040424411478382,0.583833992481
1.0402065426437148,3.0475621223400005
1.0401251992965954,0.8865389823909999
1.0410255896531864,1.1864609718299999
1.0413017121869625,0.87507301569
1.0405372118230203,1.11197304726
1.041356682495758,0.692927002907
1.0410480438062975,0.563274979591
1.3102144504141213,0.551968991756
1.0403891415114672,0.921135008335
1.0399947110105914,0.546503007412
1.0406420684814164,0.9997850060460001
1.0408394955634874,0.75122398138
1.0407280721244645,0.840256989002
1.0415119550828376,0.784314990044
1.0419801029920404,0.591548025608
1.0409369381147242,0.610984027386
1.0431237819792734,0.9328789711000001
1.0404133962334596,0.799202024937
1.0421213946913335,0.983354985714
1.041056834819072,0.54052901268
1.0458558804674822,1.0936700105700001
1.0420101830839439,0.926633000374
1.0420974577167907,0.797241985798
1.0403612856517115,0.589605987072
1.0422118467986772,0.7799540162090001
1.0408404488058365,0.518279016018
1.0403601205777293,0.7263879776000001
1.0419940838798265,0.621636688709
1.3102637012688225,0.881067991257
1.0412363621281442,0.731501698494
1.0402810014627577,0.970385015011
1.042498031335027,0.871535003185
1.0422294288242264,0.5505740046500001
1.310442169419729,0.257629990578
1.0431038698057598,0.6952109932899999
1.0413691805621124,0.35474300384499996
1.0414669408607988,1.30835092068
1.0418935697699094,1.42471003532
1.0402883096541005,2.4222431182900004
1.0407198106907727,1.58809316158
1.0398634813138714,2.8828899860400004
1.0401027451434843,1.51081001759
1.0437558875725137,0.5103110075
1.0418096844431926,0.663749992847
1.040207707717697,0.586565971375
1.0417540786394976,0.9182999730109999
1.0402230655110984,1.1263630390200001
1.0401641763170901,0.9455379843709999
1.0403245328633646,0.7979699969290001
1.0409941326556675,0.88952600956
1.0412678191256628,0.501745998859
1.0405615724608295,0.788908004761
1.0405447318459962,0.557146012783
1.0456632195971565,0.8079270124439999
1.3101462406282558,0.7382910251620001
1.0419655925251714,0.6742079854009999
1.0413509630416637,0.878771364689
1.3102523682764504,0.7401880025859999
1.0417231512210616,0.8886500000949998
1.0409444581377,0.798327028751
1.0405868863409877,0.513779997826
1.0407403583591857,0.776037275791
1.0405013063612059,0.852828025818
1.0413036186716607,0.785162985325
1.041039464625156,0.8431609869
1.042690374457903,1.02479887009
1.0411145589390982,0.8044279813770001
1.0402992189832063,0.8841310143469999
1.0418453780733739,0.36156499385799995
1.3103183538301684,1.1714910268799998
1.040876566099284,0.44779101014100003
1.0398761912118588,0.766573011875
1.042130927114824,0.773559987545
1.0413679095723136,1.05482304096
1.0407578344689183,0.784330010414
1.0415888499656614,1.0342509746600002
1.0411035436941758,1.09697902203
1.0411576666764388,0.7633029818529999
1.0405758710960653,0.5883730053899999
1.0453355160607147,0.636563003063
1.042946796649799,0.575070023537
1.0410098081965187,0.539964020252
1.0406487411778598,1.32467114925
1.0409392682626886,0.817846000195
1.043771986776631,0.635960996151
1.0425674061948749,0.813592016697
1.0411751427861715,0.987214028835
1.0447466241206316,0.983928978443
1.0404650831519417,0.590479016304
1.040235245830003,0.898679018021
1.0485613940857341,0.626800000668
1.0407614356066814,0.692685008049
1.0427622912973484,0.575704991817
1.31025607533003,0.676468014717
1.0415978528100691,0.827947020531
1.0415210638430619,0.654785990715
1.0411430502937533,1.0858155489
1.3102514150341014,0.8509550094600001
1.0404789581239113,0.887935996056
1.0414245745341741,0.6557850241659999
1.0416083384759087,0.659780979156
1.0414768969475556,0.885627985001
1.3234714035940656,0.750299990177
1.040763977586279,0.930316030979
1.0408307045507128,0.7259460091590001
1.0401344139726363,0.7123904824259999
1.0411102163906192,0.9326570034029998
1.0408629029589476,0.654497027397
1.0404548093177353,0.498726993799
1.32600957022215,0.9782410264020002
1.0408506167242264,0.559324026108
1.0416753831877923,0.8733990192409999
1.039930526025755,0.6232500076290001
1.0408307045507128,0.631924986839
1.0405973720068273,0.833535015583
1.041248012867966,0.861343026161
1.0401344139726363,1.03601300716
1.0429070782185883,0.6160370111469999
1.0410190228725595,0.987452983856
1.0422153420206237,0.668673992157
1.3230969911825199,0.645533978939
1.0404436881569963,1.00703001022
1.0410366048981088,0.7763000130650001
1.0412719498425087,0.9358490109440001
1.042624388904185,0.6626719832419999
1.0401819701742725,1.11335194111
1.0399219468446135,0.54953199625
1.0457270868345432,0.927363276482
1.0402356694932693,0.821533024311
1.0409122597294653,0.919354021549
1.041403815034128,0.6899859905239999
1.0413479973988,0.649773895741
1.0411149826023645,0.970504999161
1.310292086707661,0.8034440279009999
1.0405664445883913,0.8920990228650001
1.0401638585696404,0.746227025986
1.0422784678472945,1.4954074621200002
1.0418404000299955,0.7597569823270001
1.0435397133909112,0.967728018761
1.0403859640369704,1.12601101398
1.0411127583702167,0.764141976833
1.0406358194482392,1.42381894588
1.323210321106241,0.830919027328
1.0405125334377614,0.531687021255
1.040737392716322,0.694292008877
1.040792468940934,1.09710001945
1.3102520505290007,0.86237102747
1.0424270677379306,0.971195995808
1.04303301212448,0.750190496445
1.0413560470008587,0.565989017487
1.042364153742893,0.7235890030859999
1.0433190907450132,1.0888769626600001
1.0415613118533553,0.261454999447
1.0410563052399893,0.192316800356
1.0413107150313703,0.204839006066
1.0407895032980703,0.375299990177
1.044164404876992,0.18789100647
1.04102855529605,0.417883992195
1.0408095213874005,0.612834990025
1.310366545526704,0.48221001029
1.0408174650736426,0.813664972782
1.0409736909030711,0.899798989296
1.0431287600226518,0.766745984554
1.040010280635626,0.6762999892229999
1.0402829079474558,0.9804093837740001
1.0412230167352574,1.07553303242
1.0415661839809172,0.645973980427
1.0409064343595544,0.76016998291
1.040244460506044,0.8707180023190001
1.0412766101384374,1.04555702209
1.0401940445773605,0.483233988285
1.0404137139809093,1.08598899841
1.040303879279135,0.7320979833600001
1.0413764887534551,0.712899029255
1.0425190026667062,1.0453890562100001
1.0415388577002442,0.735920011997
1.042697364901796,0.8956930041310001
1.0407368631372391,0.874550998211
1.0403170128403887,0.923747003078
1.0416485864862022,0.9997780323030001
1.040182817500805,1.73953402042
1.0410770647400354,0.810788989067
1.0414737194730588,0.7049050331119999
1.0406611333283975,0.832826972008
1.04014415822776,0.827660024166
1.0404538560753862,0.8953109979629998
1.3102591468887104,1.45950102806
1.0405351994225056,1.17951905727
1.0418062951370626,1.4434119463
1.0406538251370547,1.30673503876
1.0408845097855262,0.763499975204
1.31069689695856,1.1451480388600002
1.324304749238773,0.725345015526
1.0401590923578952,0.76335901022
1.0417360729506822,0.61748200655
1.0409903196862713,1.02932298183
1.3236973220307917,1.30205595493
1.041436225273996,3.16412496567
1.0405595600603148,0.9734439849850001
1.0404487721161912,1.2296710014299999
1.0405335047694406,0.744153022766
1.324493491223886,1.0630340576200001
1.041182768724964,1.1238720417
1.0411217612146244,0.898477017879
1.0402534633504517,0.7175139784810001
1.3101428513221258,0.536750972271
1.0405649617669595,1.17544305325
1.0412775633807865,1.10104894638
1.040704029234105,0.573449015617
1.040139074268565,1.4311449527700002
1.040830916382346,1.0377949476200001
1.0405357290015884,0.656862020493
1.04086036097935,1.0749080181100001
1.0425873183683885,1.3859720230099999
1.041056834819072,1.0048049688299998
1.3101822520058866,1.6095399856600001
1.0414230917127423,2.8175759315499995
1.04239412791898,1.96256256104
1.0421072019719142,1.27975201607
1.0406735254789352,1.9953299760799998
1.3315060715226188,2.03338599205
1.0405644321878766,1.3074439764
1.041003665079158,1.61125802994
1.0418087312008435,2.04021811485
1.0408925593875848,2.18324494362
1.0420916323468798,1.35141599178
1.0408723294666216,0.7242180109020001
1.0437402120316626,1.3633890152
1.0413124096844353,1.52680897713
1.0412283125260855,1.7840195894199997
1.0408168295787432,1.10359704494
1.0413157989905653,1.76300799847
1.043148036701266,1.15754902363
1.0403781262665448,1.15332603455
1.0422526243880534,2.3628110885599996
1.3103097746490269,2.58078789711
1.6640976228988145,1.24214696884
1.0431848954054295,1.7128210067700003
1.0428477653613137,0.6676509976389999
1.0424343759292733,0.8271329998970001
1.0405303272949438,0.9642647504809999
1.04152635963389,1.3941617012
1.0412541559853263,0.758404970169
1.0424368119930543,0.690075993538
1.0414825104858334,0.674024999142
1.3236988048522236,0.861522018909
1.042009653504861,0.790746986866
1.047322496779412,0.728500008583
1.0416025131059978,0.24119800329199997
1.0406065866828682,0.335460007191
1.0410750523395207,0.591246008873
1.040554687932753,1.0584269762
1.0407266952188492,0.766991972923
1.664066059985479,0.588123977184
1.0407459718974634,0.5922303199769999
1.0423594934469642,0.875351011753
1.0410819368675972,0.7038279771799999
1.040521324450536,0.567749977112
1.041130552227399,0.713387012482
1.0415068711236426,1.07750594616
1.0406243805400506,0.690941989422
1.040493044927514,0.772458016872
1.0410158453980627,0.7237120270730001
1.0405093559632645,0.9752489924429999
1.0401392861001981,0.9151769876479999
1.0410765351609526,0.757400989532
1.041411335057104,0.691206991673
1.0412528849955276,1.1835279464700001
1.0470617320390372,0.7705749869349999
1.0418143447391213,0.8947700262069999
1.0408706348135566,0.614335000515
1.041370239720278,0.769231975079
1.0413550937585097,0.907074987888
1.0409166022779444,0.40680998563799997
1.0404386041978013,0.513888001442
1.0415603586110063,0.24814699590199998
1.3107762279051647,0.256875991821
1.041011185102134,0.598065972328
1.040643127639582,0.598169982433
1.0409663827117284,0.880114018917
1.0408684105814088,1.08564901352
1.04017095492935,0.9920129776000002
1.0407619651857642,0.8743849992749999
1.0438376545828991,0.8770260214810001
1.0427603848126503,1.008928895
1.041232760990381,0.808875977993
1.04120691753114,0.6714209914210001
1.04195701334403,0.744962990284
1.310343349962877,0.694267988205
1.04115978499277,1.00188601017
1.0418677263106684,0.793558001518
1.0421801779695252,0.845004916191
1.3231872314582305,0.803124010563
1.325213083281606,0.5744469761850001
1.310199304452353,0.567972004414
1.0416159644147012,0.453808009624
1.0402223241003825,0.8494881391529999
1.0422713714875849,0.40645998716399995
1.040946894201481,0.24535199999799998
1.0405113683637792,2.32321810722
1.0411125465385835,2.02711558342
1.0406624043181962,1.5811179876299999
1.042213329620109,1.72704994678
1.04017773354161,1.15064203739
1.0400408903066123,1.6079339981099998
1.322768863982812,1.33123397827
1.0414708597460116,1.22164201736
1.040335548108287,1.58354198933
1.0402479557279904,1.60866212845
1.040139074268565,2.18565392494
1.3107935980990808,2.98955988884
1.0404794877029941,0.75744998455
1.0407782762215148,1.8113440275200001
1.0407909861195022,1.5279519558
1.040591652552733,0.889223575592
