predict,actual
1.8170358253812344,0.623775005341
1.3678689837487623,0.691469013691
0.9828641432204812,0.8557710051540001
1.595041145995491,0.709383010864
1.6772212280657073,1.01454794407
1.6365451060417222,1.1157310009
2.0318790688327324,0.41828301549
1.5716467781807941,1.00228095055
1.6356772318408157,1.21886098385
1.8192024393248203,1.14329600334
1.8040240673166306,0.652818977833
1.5698575422916174,0.6746559739110001
1.4153314498873046,0.6009536385540001
1.403316677403996,0.6694570183749999
1.2782916351340607,0.653807997704
1.5306370213346396,0.781412005424
1.5719369875181732,1.20630395412
1.150994063103978,0.846925973892
1.107938118597668,0.82864099741
1.4771927476241427,0.648239016533
1.4458108444192626,0.56237000227
1.290821899896575,0.718330979347
1.5189726183725172,1.09964799881
0.7925113903692769,0.954171001911
1.465732338524718,0.729013979435
1.6827486567846124,0.669449985027
1.7344460609325574,0.863121986389
1.4306192329340026,0.646466016769
1.4329315870411774,0.822318017483
1.0492705004776146,0.9235979914670001
1.122856467276199,0.8300920128820001
0.8886016084601733,1.06731402874
1.7354911322945716,1.54617500305
1.3447665199245096,0.682727992535
1.8542527368363146,0.6385620236399999
1.623677711235092,0.6464239954950001
1.455122115684834,0.688109397888
1.1427803974454351,0.727398991585
1.6677524599809086,0.650035023689
1.6041960855158173,0.869369029999
1.3662242170333758,0.44085800647699996
1.4177593581503483,0.451860994101
1.2743220162451452,0.757507026196
1.2304315610201457,0.495238989592
1.2995274386072302,0.685087025166
1.4623024666370008,0.724381327629
1.5917611449882085,0.8653740286830001
1.6237986670976055,0.740046977997
1.1885578488582975,0.807075977325
1.4590891925941523,0.8204330205920001
1.4935136335455834,1.11441195011
1.0118612458996583,1.1086050272
1.9517442211803224,0.475149989128
0.8232458831454236,1.0392680168200001
1.8705114501734337,0.9457899928090001
1.413905187501485,0.787750005722
1.2314048214585311,0.350454986095
1.4296852672635616,0.9367713332179999
0.8799171999549222,0.986805975437
1.6572041978937133,0.647023975849
1.3202240246582841,1.02977705002
1.8565792836629087,1.1874469518700002
1.76474571632381,0.9328820109370001
1.7746667449453273,0.7528370022769999
1.3485988719151611,0.642004013062
1.1087509165739624,0.23073400556999996
1.2094100252438806,0.47149971127499996
1.236192322282936,0.8772729635240001
1.046898198018266,0.787630975246
1.4741058311504522,0.27422198653200003
1.4400714781514177,0.39922699332199996
1.2639463969389453,0.992351233959
0.9625547853947769,0.7627239823340001
1.5143840274516152,0.7200859785079999
1.5231358513741076,0.626478016376
1.0780661512736913,0.726989030838
1.3679503270958817,0.9301019906999998
1.734458241251462,0.687269985676
1.3339299549846333,0.866255283356
1.4506194224911633,0.835203826427
1.5465741742526775,0.940249979496
1.4087767436635679,1.0233579873999998
1.0280358620784273,0.732262969017
1.6423223901718962,0.930074989796
1.3046018653787008,0.8702930212019999
1.688347684595513,0.510402023792
1.585282909984029,1.0258179903
1.5686405695593237,0.455123990774
1.4038443500021063,0.734534978867
1.4425540389758071,0.7012919783589999
1.7171883496136284,1.01438605785
1.76271785209992,1.1237702369700002
1.6566300282521322,0.48253700137100003
1.3209872540324277,0.46893200278299996
1.3266660364531992,0.875519692898
1.4131797700738538,1.1454249620399999
1.770048179848338,1.9437874555599997
2.28948285757815,1.5570390224500001
1.7709658344830286,2.10477590561
2.6373760669730126,1.06224000454
1.716774324686689,0.786782979965
1.972438688915045,2.24797105789
2.532363076831693,0.5664669871329999
1.5007918507122533,0.8389729857439999
1.7596700185625407,0.31881898641600004
1.507761429189462,0.638668000698
1.1754502369797055,0.754026651382
1.2661871519541243,1.08582603931
1.5753611399517962,0.601429998875
1.0899374078255588,0.6923220157619999
1.0115378849116954,0.878243982792
1.744845405381667,1.27922403812
1.9040776552632657,0.725166976452
1.6600306673744785,0.428310990334
1.3512071548138094,0.701224982738
1.4066389388220866,0.8846225738529999
1.3657795824354497,0.7809653878210001
1.4794526734021196,0.92597001791
1.4346100349862305,0.917864024639
1.3755193890948298,0.90730202198
1.5984393490540563,0.409945011139
1.4723572669348353,0.87414598465
1.5960269045002307,1.2313439845999998
1.833594280479223,0.7683960199359999
1.5632619525626879,0.9357339143749999
1.709676164408174,0.752327024937
1.5840866967517815,0.624783992767
1.5345385363535062,1.9779472351099998
2.006514772745805,2.47647929192
2.9948438543534195,0.682259976864
1.842333182672095,1.29407799244
1.9221873534106166,2.1165060997
2.3969558484749314,2.03023004532
2.6306658763305633,1.72759306431
1.5153999719640747,1.32161903381
1.9849240453713373,1.11427497864
2.023743886794262,1.6184829473500002
2.3095564467961878,1.10235404968
1.9983988673859487,0.850126981735
1.7059565068463438,0.653181314468
1.5551107772359167,0.616827607155
1.5673289080870236,1.02320480347
1.611354935557222,1.17678105831
1.780306338513971,1.10875403881
1.6953346332666381,0.983811020851
1.6262501945877423,1.82992756367
2.3150204319409724,1.34213101864
2.3820816666919065,1.26566958427
1.9398121689497485,0.793037712574
1.8515673472232095,1.0306893587100001
1.9388186785903998,0.821023225784
1.7501862104317902,1.0991692543
1.684988564473259,0.525535523891
1.6099817369954996,0.775839388371
1.529251324706563,0.720975995064
1.577240933864133,0.8666771054269999
1.5875526859329463,0.846204102039
1.246949979939474,0.7614132165909999
1.4556688531299256,0.658724606037
1.536059487479332,1.07865929604
1.6039913502424035,1.2819403409999999
1.2503979634318234,0.660000503063
1.7025512074280689,1.1125005483600001
1.918264867060071,0.628070473671
1.706748651238409,0.686457574368
1.5349373094028609,0.900040984154
1.735154425913722,0.734256923199
1.282615860176825,1.0111212730399999
1.480536827700445,0.882759988308
1.3440114460682413,0.7521411776540001
1.7020990528071671,0.9489411115649998
1.1374231754437447,0.6799052953720001
1.3951928283578978,0.721156597137
1.0941951177355222,0.6504104733470001
1.2605807100360644,0.716710627079
1.4450081084455415,0.9056316018100002
1.517390130157269,0.6526464819910001
1.3921174567082124,0.7056654095649999
1.5505004735726193,0.658105790615
1.1370323460806322,0.659279406071
1.4622661375119201,0.663406431675
1.5830874869383385,0.7808002829549999
1.1157967544390959,0.756590723991
1.4538350266819764,0.9280405640600001
1.6669174196831362,0.707382977009
1.640124213314975,0.38883998990099994
1.3118604881193068,0.342241793871
1.2355641355749087,0.23373000323799997
0.9727815929787076,0.145912706852
0.9037068985549355,0.394953489304
1.207001711406901,0.967840969563
1.3225640227935815,0.783922016621
1.750101265946908,0.8333759903910001
1.1236569790177722,0.9723259806630001
1.7045924170448459,0.6905210018160001
1.252710847118081,1.3453240394600001
1.8120461312630132,0.7227010130879999
1.135420836931646,0.6804850101469999
1.5319634051054418,0.7610610127449999
1.4893765617506838,0.8075709939
1.6384956517195224,0.588663995266
1.5154348182677235,0.9960750937459999
0.927704245113318,1.0454139709499999
1.5071932967494253,0.47130599618
1.2885916305472356,1.04714095592
0.8925575642087524,1.12621426582
1.5396667683597902,2.5604617595700003
2.3181913396571963,0.7747610211370001
2.1452587729875265,0.717206001282
1.5841513053998841,0.800508022308
1.5235961615128848,0.568039000034
1.4830097501855273,1.19578003883
1.7674927489421541,0.797044992447
1.6881629674114293,0.48993599414800004
1.2914408719285617,0.9918130040169999
1.8201482675667162,0.744569003582
1.5537889478452267,0.6096370220180001
1.2929679661717481,0.856591999531
1.351548945153854,0.814429998398
1.3772594800451219,0.760592997074
1.4309929039348324,0.915751993656
1.3855942074819945,0.742163479328
1.6501144049647067,0.732936024666
1.1991709314252288,0.8745691180230001
1.6384199219106808,0.9644910097120002
1.7454699909519313,1.4776719808599998
1.741520390152346,0.6752679944040001
1.7285991901109024,0.5030400156970001
1.2306766502196695,0.706665992737
1.5808104027980785,2.9681959152200004
2.877145962357406,1.2553009986900001
2.4053736139119883,4.08481502533
1.2254620968228878,1.6923229694400002
3.558617646707186,0.412105202675
1.8775565466278512,1.03575098515
2.3534852435467823,0.640892028809
1.4179956563370975,0.706547021866
1.3961065641073755,1.06083035469
1.7578861843800087,1.88095402718
2.281712873275184,1.88637399673
2.280437223180515,1.32877397537
2.0281173626917273,0.39318400621399996
1.3241887714196379,0.6382430195809999
1.3982752963672926,1.04553198814
1.6364721300441112,0.658802986145
1.6068309532844225,0.80467402935
1.1242838947360008,0.8740410208700001
1.4207844197871669,0.853255033493
1.4883148616054693,0.8952109813689999
1.5861317193379545,0.730158984661
1.5732236528577646,0.414941012859
1.2703746396777074,0.270094007254
1.0986374389137528,0.49113199114799994
1.2815766141847216,0.507916986942
0.964428753937203,1.22402000427
1.5447306035496047,1.2676579952200002
0.8933322324910847,2.6334879398299997
2.166748033009728,3.99961543083
1.783722970924618,6.65141820908
2.19505064567971,2.10267806053
3.532625269828048,1.28368997574
2.331736913437271,1.29134750366
2.9332046620839116,1.3537540435799997
2.0458813516138212,2.39019107819
2.607623043111035,1.46144104004
1.8231245020120999,1.599208951
2.412963541326799,1.4711509943
2.3162943873825763,1.29820501804
1.1025961484735625,1.57962203026
2.1404934085687826,1.3603550195700003
2.171696208127857,0.803641021252
1.9067384724069285,0.427668988705
1.0198386133714519,0.269407004118
1.3836714117481335,0.389717012644
1.3018314253648966,0.417917013168
1.2976016772305055,1.54603600502
1.798672988432301,1.01761102676
1.7714238144738415,0.865315020084
1.0160494750339573,0.619410991669
1.0719238812396457,0.845414996147
0.8825006455945867,0.804859638214
1.6407816327883733,1.4358890056600002
1.1915592912680228,2.56575202942
2.4316939061592016,6.206179142000001
4.932355108104182,0.9309499859810002
3.533810679647006,0.907775998116
2.026730924652935,0.460979789495
0.866059439305532,0.5264570117
1.3262368655644914,0.794224977493
0.7144426955084439,0.9704009890559998
1.6248102690615862,0.669588983059
0.7635817560652496,0.6997730135920001
1.0988765968275491,0.6903669834139999
0.7857717551298232,0.63616001606
1.4473547792772823,0.9726700186730001
1.6748065592797339,0.639338970184
1.177066512340437,0.512377977371
1.5593712409571108,0.569913029671
1.5494862237132245,0.83180898428
1.1802116825132363,0.46941101551100006
1.341778211076038,0.9054309725759999
1.7434775026107727,0.848275005817
1.2441492480021332,0.656663000584
1.4289574137721497,0.63240557909
1.3841530109660396,0.326855003834
1.070282291998756,0.304740995169
1.1173074317307152,0.21594800055
0.8704551575244752,0.214847996831
0.9071303095778425,0.151231005788
1.0282665467268988,0.415333837271
0.841974500366853,0.734420001507
0.9333142881691411,0.9913370013239999
1.4414212693176798,0.791000008583
1.5558758071789418,0.742917001247
1.4397099874694925,0.74265486002
1.0898971598152654,0.8799139857289999
1.4407321810151295,0.73768299818
1.6152885430685067,1.24034297466
1.9218655811599024,0.8343409895899999
1.676043550101358,0.305472999811
1.6350881280690996,0.892946004868
1.718635477415311,1.28586602211
1.1545392773159306,0.41464000940300005
1.1544442708284748,1.09013700485
0.9789703600562237,0.592383027077
1.5659090006501977,0.377326011658
1.0017610077165189,2.6935973167400005
2.6128963797860085,2.2886660099
2.2249282265419645,0.895527005196
1.6088112613066765,0.8070570230480001
1.7432138781433508,1.19486296177
2.1107278866404506,0.8929409980769998
2.0719540126819136,0.977608025074
1.2869746137757883,1.8325070142700004
2.3814292252618867,1.4037929773299997
2.202584437711743,0.7223749756810001
1.9720701018734104,0.6599410176280001
1.7048353879280385,0.740734994411
1.5796052926372397,0.555365979671
0.8472155856756834,1.2367689609499999
1.6436142453864993,0.6214020252229999
1.2867482716757959,0.710873007774
1.2451757840962492,0.30647799372699996
1.3162178648126546,0.6473349928859999
1.3818848237543708,0.545826971531
1.299292835073546,1.02424776554
1.4435789863326747,0.8176820278170001
1.6740415293367088,0.7440620064740001
1.4586657411595385,0.736715018749
1.1399538220488534,0.576856017113
1.3372006354000583,0.9152600169179999
1.5859878856590637,1.13702905178
1.7677982101571181,0.49600800871799994
1.4238659345542126,0.49413600564
1.4357906785934438,0.8834533095360001
1.432544358815828,1.27152490616
1.7731911257889896,0.886436998844
1.5192343363552412,0.898828029633
1.4068008841056094,0.9049779772759999
1.7480605859092138,0.829931974411
1.7591290005715436,0.8756300210950001
1.6669047097851488,0.550292015076
1.3820560896297511,1.07391941547
1.3978506798586967,0.849192023277
0.8253475177355489,0.6393229961399999
1.468090554180464,0.7995309829709999
1.3562527724831752,0.9646000266079999
1.7716637137983535,0.841355979443
1.7273358262509544,0.701144993305
1.7203662477737456,0.72400701046
1.5292404153774573,1.01030802727
1.6627661551688173,0.65380603075
1.3837027628298357,0.793285012245
1.5471903924734334,0.6538396477699999
0.9447235399291665,1.1607899665799999
1.7618770923480533,0.808578968048
1.8227743443225468,0.374377012253
1.5241473474222718,0.25569999218
1.228320764711888,0.489315003157
1.3785586434510675,1.1518440246600001
1.7862700344812936,0.737277984619
1.7767972415954656,1.08875095844
1.7381428406780102,1.9758529663099995
2.3925472085263673,0.8547700047490001
1.3934702135173385,0.7977370023729999
1.3670252583540319,1.0524289608
2.043952836425866,3.17945098877
3.2520108462713364,1.79706799984
1.9628708895417613,1.05670201778
2.394261985596501,0.875126004219
2.0172446804584037,0.664539992809
1.4027598779563313,0.757168412209
0.8722001206023291,1.36848402023
1.8693090938238255,0.9052469730380001
1.586197810807489,1.0320609808
1.2701300800572666,0.614133000374
1.6774716130560592,0.9733130335810001
1.7650875066638547,0.645228981972
1.4852267800577967,0.48943901062000006
1.2608680596463961,0.8408679962160001
1.334276511536423,0.7771940231319999
1.4649882799133722,0.675535023212
1.0884377457788619,0.659205973148
1.3030180002578373,1.08415305614
1.495197059534015,0.9314100146289999
1.616467703854288,1.3594796657600001
1.8674879772738637,0.763398826122
1.7951171826386918,0.535733997822
0.9543799908409124,0.6781889796259999
1.2798433018466895,0.7839810252189999
1.363419142547556,1.16936767101
1.1222261622518401,1.01528799534
2.1151401277267774,0.925943017006
1.319714887328072,1.31924402714
1.8948049373549227,0.9717460274700002
1.9209989779487946,1.1762996912
1.811214903934637,1.71460902691
2.2991608094006577,1.30733704567
1.7212740522374956,0.6186890006069999
1.7470237759808913,2.2984359264400003
2.0364201035519987,1.80824100971
2.642150540151981,0.879414975643
1.911038866390966,1.57094502449
2.0017021698728747,1.5785160064700001
2.239838207870987,0.620030999184
1.6379467959580996,0.9928810000419999
1.783095949290573,0.455186992884
1.4891185508215394,1.0173989534399999
1.12787327584346,0.8378469944
1.5830659860275764,0.488476991653
1.2262543471307692,1.2463409900700002
1.5643397519120197,1.20963096619
1.583523754186756,1.2524510622
1.8250318340367429,1.51972699165
2.093534360306358,1.06379795074
1.8953201118866787,1.57149505615
1.7420474272555568,1.27810502052
1.2776035000738595,1.19207799435
2.1420185963272713,0.830443918705
1.7794827371243873,1.40201568604
1.84339085801628,1.156504035
2.073580244129402,1.1625548601200002
1.9516605476852387,0.60075199604
1.62903408591025,1.25383579731
1.643336640031291,1.79184401035
1.210455308437528,1.73406255245
2.29547218517308,4.93997097015
4.769518860732439,2.39435100555
3.7813632692323518,2.2125759124799997
1.9955029171295189,1.88652706146
2.3558681375877875,0.9343829751010001
1.411240769220059,0.909982979298
1.6718920737554057,0.8112999796870001
1.495147279100231,1.04970896244
1.6755087811435379,1.35178804398
1.6199997845049872,1.27730596066
2.0719726538656285,0.7854449748989999
1.2811774174721007,0.48462298512500007
1.691591780140981,0.6676359772680001
1.6296059254038664,0.832251012325
1.3955767731929338,0.5959370136259999
1.545612776385747,0.341089010239
1.1657990818587876,0.686011016369
1.3776285966658393,0.8153510093690001
1.458856283713533,0.39854300022100003
1.374542845266131,0.699815988541
1.0929500773118397,0.42636901140199995
1.0528003568961661,0.686613976955
1.3498923158670126,0.182677000761
1.2699521414854429,0.701882481575
1.1877458982085356,1.7966820001599997
1.028254895987077,0.720426976681
1.3985735553067304,0.46806401014300003
1.1584748972277301,0.6408870220180001
1.1632593264934548,0.7520520091060001
1.4668575881598693,1.00181758404
1.4684500324618746,1.6608040332799998
2.2847109263787795,1.45059502125
1.3886929865271398,1.0850100517299999
1.8937961951179891,1.09955501556
1.3839074981032495,0.769418001175
1.6027075446298593,1.25443041325
1.8489984650083222,1.49632096291
2.1590085524619322,0.718636989594
1.688350120659294,0.890201985836
1.0734521405568145,0.989175975323
1.7314714152244222,2.84901452065
2.789345987060426,4.28107500076
4.15226181764768,1.24873900414
1.7113404196338078,0.70965898037
1.7105911711474504,0.7497439980509999
2.1086059691714536,0.8907449841499999
1.689927101252081,1.46952795982
1.8696408221612966,1.60888803005
2.0687089638940965,1.04346096516
2.180305893024524,1.18475103378
1.475104405468996,0.506372511387
1.1715679986394532,0.694615602493
1.4333132017282493,0.929911017418
1.6074977992654949,0.775462985039
1.5667801582414176,0.856469631195
1.4171114711004404,0.926900982857
1.5161305792667172,0.7506660223010001
1.6256798379155577,0.9248849749570002
1.7620747312617575,1.07016265392
1.7839623406700476,0.8752880096439999
1.7330857841004557,0.7511039972310001
1.3834039743113151,0.8627579808239999
1.7498613666223957,0.509657025337
1.3169822592607805,0.8495249748229999
1.5171420753148814,0.671136975288
1.3453716169845265,0.613218009472
1.0603396565506604,0.381054997444
1.3958085169995709,0.871042013168
1.295335184671902,0.654031991959
1.0530802923993388,0.9089673757549999
1.7185519098360438,0.9709029793739999
1.8141964341708485,0.9856920242310001
0.7940987507120869,1.35625624657
1.7322753162721256,1.30987298489
2.092532608513318,0.634491980076
1.6141979279053709,0.593350827694
1.074587452194539,0.879638016224
1.5625611076044992,1.13183641434
1.592759719306752,1.84127402306
1.3611972405477248,2.26174592972
2.7772001967120303,2.5979759693099997
2.1559897398582906,2.3991920948
2.6641206579813725,1.98229801655
2.908558263401639,2.2695479393
2.7729510659832086,2.0178899765000002
2.8716688436513675,1.45226204395
2.037830690396967,1.34279799461
1.95049886300919,1.3119150400200001
1.9301155759435256,1.2767620086700002
1.44619690757063,1.2752670049700001
1.4240224781310908,1.2104460001000001
1.4593409544901192,0.815348029137
1.8130324193468357,0.72711199522
1.2688800615902054,0.604301989079
1.3672629334463962,0.9830358624459999
1.134558152605751,1.10152900219
1.5885608985907969,1.1837249994299999
1.9286177144657102,0.435640007257
1.0195526406667352,0.327004015446
0.8571487946161052,0.803984999657
1.6205551011312203,0.421685993671
1.3642997266464498,0.573455989361
1.0886510602334172,0.39594578743000003
1.1833611952345149,0.416375011206
1.3796876001397986,0.560397028923
1.0960052190405616,0.774905025959
1.5783100481165067,0.637084007263
1.422587742479946,0.383926004171
1.1851716142870037,0.564873993397
1.3572354594292346,1.05471503735
1.5965099865395684,0.6537709832190001
1.492512834994892,0.593102991581
1.6165642990789921,1.02260899544
1.3000796836747828,0.8359869718549999
1.324601737188412,0.637534022331
1.0867277349204734,0.9755985140799999
1.5289629159380655,0.48980799317400003
1.2053986755232398,1.0986479520799999
1.3279421102111346,1.1511659622200001
1.935120945602598,0.8061249852179999
1.7521047695329888,0.47447699308399993
1.3500661237219904,0.789602994919
1.4686329490770764,0.476253002882
1.16270930565805,0.545522987843
1.5318168176153204,0.6212809681889999
1.2126390807433969,0.7707700133319999
1.3738463428564214,0.933706998825
1.353084618578182,0.8110550045970001
1.5763699881045463,0.600552976131
1.4522258476809546,1.00252103806
1.1915653284695669,0.8921650052069998
1.5320081015800309,0.9160850048070001
1.612307012832295,0.741342008114
1.2611028750117135,0.9283249974250001
1.299142010950762,0.642940998077
1.3827031293531264,0.9950090050700001
1.030161486601004,0.627136588097
1.4666391897461193,1.0386890173
1.455430966205928,0.6888009905820001
1.689056685071577,0.5214130282399999
1.4455565405436979,0.651027023792
1.3108101209664644,1.1597019434
1.0687118781865959,0.645640015602
1.4402432736058808,1.19586265087
1.7482051609988205,1.30470395088
1.1594467807605002,0.8844429850579999
1.2789124077349288,0.7697709798810001
1.7359917963594587,0.770210027695
1.6628312933960028,0.641828000546
1.3572090863909108,0.893715977669
1.7715843828517488,0.5247250199319999
1.5789941583756788,0.514221012592
0.9506197675213393,0.717274844646
1.4336991589638,0.641076982021
1.1528651719193566,0.4689820110800001
1.415007029741176,1.2037500143100002
1.9335902502216484,0.7911959886550001
1.4715142829508208,1.13630115986
1.8206649249199043,0.8642929792399999
1.453624889701918,0.8814030289650001
1.563139619794559,0.58174097538
1.6249774042201206,0.865119993687
1.0938512090791466,0.907812476158
1.8287988359685758,0.7377740144730001
0.674958550084044,1.1203750371899999
1.7049230862241516,0.9422479867940001
1.2727720441855812,1.06006002426
1.9485976741019075,0.715842008591
1.7009575980520817,0.404020994902
1.0141067671265827,0.29207798838599996
1.2534434668212382,0.631792426109
1.1808052347492481,1.12466526031
1.4338863122116645,1.11569094658
1.8445932143658885,1.24741899967
1.694942956576993,0.697616994381
1.7382869921043504,3.69397497177
3.409516138763897,0.820483982563
2.1098835257508206,0.85730701685
1.9448050405424666,0.690235972404
2.1202200621207092,0.8385969996449999
1.6808348638951591,1.28772699833
1.842117114406309,0.9632229804989998
1.5593621321968865,1.34329998493
1.3046879749375655,0.7316169738770001
1.7329056212964842,0.6809219717980001
1.7324220096780634,0.701478421688
1.707480105867584,0.669803023338
1.5076228913013994,1.36564302444
1.8552551241242545,0.9781420230869999
1.3874223144758493,0.67867898941
1.5018125614364581,0.597633004189
1.4204903974803915,0.819377481937
1.478644006142671,0.791110992432
1.4925687585460365,1.0441473722499999
1.5325588638261516,1.4000159502
1.6613398927829977,0.874862015247
1.5697491904112748,0.622817993164
1.369292598239168,0.7164059877399999
1.3450367111725585,0.6523500084880001
1.14438639897196,0.9379299879069999
1.0423140555616592,0.593699991703
1.3277799530959786,0.539344012737
1.2800400934338612,0.9370089769359999
1.2359641796140624,0.808772027493
1.0574498494115911,0.56542801857
1.1867948800916281,0.602082014084
1.2230420263302697,1.14667999744
1.663317446994021,0.9824249744419999
1.5486810516757226,0.567151010036
1.1047982442156967,0.786639988422
1.3516006320723362,0.7388439774510001
1.1947810385761963,0.681029975414
1.0495883538431163,0.708697974682
1.4030565481585204,0.6642330288889999
1.259168110790581,0.512479007244
1.2729161956119217,0.604038000107
1.266455966296558,0.672879993916
1.2853961503615694,0.8265414834020001
1.672567922580886,0.454686015844
1.334699433391954,0.559450984001
1.0308984488526403,0.133221805096
1.1605640867094094,0.163306996226
0.9481261914520274,0.17978604137899998
1.3061505664484658,0.57479184866
1.0587871425114992,0.8508148789409999
1.2154601485175176,0.852764010429
1.3686793456612758,1.6876280307799998
1.907364223051175,2.1495220661200003
2.453508327738248,0.812285006046
2.0942781011702545,1.2396399974799999
1.1476235040735352,2.12843728065
2.354196786002444,2.1392390728
1.5254223620220415,0.9779880046840002
1.8682395559081855,0.6937779784199999
1.844774754075475,0.721879005432
1.8131768885206256,0.7631160020829999
1.4520182526804937,0.856532990932
1.492217329866685,1.1093380451200001
1.5138154713483118,0.647634029388
1.307360230989417,0.9241870045659999
1.3627602402527257,0.7877320051189999
1.6940368467663076,1.3055670261399999
1.9390209778000327,0.910771012306
1.8750293952446893,0.869964003563
1.5466196121379825,0.574302017689
1.0998660623858685,0.859953224659
0.9761035366493485,0.47758498787899994
1.1380056065190176,1.1080174446100002
1.5211198497216725,1.29072499275
2.0780524335679025,0.859157979488
1.364630501741572,0.305898010731
1.5059435960298138,0.903901994228
1.4988708555472738,0.635275006294
1.494147327876072,1.0234229564700001
1.700983123763873,0.673066973686
1.4975720098887777,0.850479006767
1.4101047161716183,0.51419699192
1.5099478493907452,1.52795660496
1.7394758971452555,4.09438562393
1.380732671501813,0.9952359795569999
2.2976493906983224,0.8670449852940001
1.628517640388695,1.14105606079
2.121570276950238,1.6222579479199999
2.1141375286072046,1.9802049398400003
2.4816950685049113,1.3755470514300001
2.2580110318450086,1.8518650531799998
2.358885467369997,1.42092394829
2.4740079103704966,1.5891779661200003
1.9939565462077182,1.67319941521
1.9335108133592271,2.12393403053
2.1438791135609936,1.64840197563
2.0144671440848896,1.2047419548
1.5939021273041865,0.792083978653
1.9715386163059037,1.22702741623
1.9911671472627495,1.2269510030700002
1.4780657057842441,1.13134396076
1.6411924802408162,1.25246500969
2.051555261907031,1.1168919801700001
1.7631664055830587,1.1223870515799999
1.0696766653596563,1.0401530265799999
1.4387716792505725,0.809131026268
1.5327135009183317,0.7681059837340001
1.7166738105767718,0.7982919812199999
1.577960102258587,0.766672253609
1.3305113101734716,1.05736005306
1.6696501536662445,0.8607699871060001
1.779731003798408,1.0707770586
1.7493535002819822,0.53015100956
1.2449831232259234,0.660418987274
1.1447226816895435,0.990917980671
0.9476348479789977,0.356153011322
1.2530611107234506,0.961823999882
1.4816412119197337,1.24482905865
1.367349254836894,0.8381230235100001
1.763990324720092,0.9245989918709999
1.5721473363298648,0.8131660223010001
1.8660129936124255,1.00306105614
1.7432637644929514,0.875234007835
1.7651530685543064,0.7991399765009999
1.6031841658043868,0.881296157837
1.6282980769009627,1.06308019161
1.9634396574766975,0.9057049751280001
1.8135766148123296,0.690955996513
0.9860003105488729,1.3559700250600002
1.7988096198356653,0.757239997387
1.652511703556764,2.04375457764
0.8203636489872386,0.8576130270960001
1.8651050832328586,2.36495709419
2.69379975260339,4.17923116684
2.891518738664827,2.23356199265
2.390461937929901,0.8013390302660001
2.151630880343511,0.83728402853
1.9440170268672476,0.8851529955859999
1.959574577498728,0.9040349721909999
1.6896969461826925,1.30293953419
1.937012813918023,0.722869992256
1.231378024756941,0.800912022591
0.8097781574905217,1.03291928768
1.6924299979132502,1.3216282129299999
1.9750971759107434,0.93677598238
1.416101987452791,0.700770020485
1.6906404442766239,0.762431979179
1.4458826553428914,1.14493894577
1.7117176917724006,0.772161006927
1.406365252352091,0.8772150278090001
1.6508087890580851,1.2435050010700002
1.8910273438414333,0.638184010983
1.6747264869224132,0.746819972992
1.1587912677717997,0.683992981911
1.24494965382789,1.4195051193200001
1.1718340591706562,0.614147007465
1.323603268785685,0.7347676754000001
1.2144517240280337,0.6770560145379999
1.591548148281103,1.07402694225
1.5410974792099055,0.615638971329
1.7426636454763127,0.9692379832269999
1.3566824729509661,0.9916120171549999
1.5955407509022124,0.808956027031
1.591074704581072,2.4351439476
2.5894245875094053,0.822347998619
1.3042346552426813,0.593822002411
1.2558559113750638,0.576224982738
1.1364992717758773,0.42242398858099994
1.2808448418080969,0.676587998867
1.334001342244996,0.552034974098
1.09081068373311,0.9015229940410001
1.3978506798586967,0.748996019363
1.324284413401993,0.8627583980560001
1.6400005036412308,0.9480749964709999
1.4272911461460012,1.05561387539
1.6929002641387842,1.9700200557700003
1.9238260829244591,0.9391199946400001
1.613977305259473,1.00904297829
1.8619184999757836,0.7824029922490001
1.5419524316811914,1.01626503468
1.7411932161949868,0.878274977207
1.5662146736967948,0.735361993313
1.3142137257316744,1.1099909544
1.7430421886047043,0.772719979286
1.6768091096234659,1.16498196125
1.4855857287601242,0.715721011162
1.613944683187972,1.47547900677
1.1282575384259457,0.835452020168
1.703889665601959,0.734466016293
1.5992529943568832,0.786192774773
1.5100181774929422,1.14346504211
1.6386295293116564,0.924699008465
1.873665835022274,2.95876455307
2.7011274324563943,2.13832402229
2.7290315898244715,2.03871202469
1.2691354246239357,1.4802099466299998
2.6260341776723206,0.9367650747299999
2.039905793075044,1.71593976021
1.933486452721418,1.00140202045
1.8760184371397424,0.889622986317
1.8187461539870726,0.749293982983
1.8213944730643812,1.1151839494700002
1.809032826281833,0.9457820057870001
1.8475594927245151,0.645218014717
1.6546743986151373,1.16484200954
1.8558649873960167,1.2443510294
1.813137487836865,0.9045109748839999
1.7630850622359393,0.5575259923929999
1.454579403040772,0.577834367752
1.1001904825319968,0.719983577728
1.3679525513280295,0.76077902317
1.6953244653482482,0.540440022945
0.8439195913801002,0.8009672760959999
1.6136500253862973,0.771014988422
1.074999994300047,0.670971989632
1.5058936037643968,2.7689704895
1.189438538873008,3.08613300323
3.2392801887838876,1.11635804176
2.338741550049762,1.01826095581
2.01595377848615,0.744261026382
1.4840606469174524,1.1143867969499999
1.5823820876000376,1.3805164098700002
1.7877706497703396,1.22909843922
1.4884494806083193,1.57323896885
1.3027173052546186,1.24559795856
1.0007585145127624,0.829861998558
1.6893600279702097,0.537698030472
1.5038640448874416,0.8593800067899999
1.5296498859242849,0.794964790344
1.48580518633204,0.812288999557
1.6814508702842819,1.20946097374
1.6898819811142256,1.04361104965
1.6528438555575016,0.9914460182189999
1.7362932327733933,1.37764596939
2.074971554295756,0.7495359778399999
1.7690115817516487,0.754966974258
1.0818527476315885,0.852221012115
1.299654113923838,1.31262803078
1.7962276040595244,0.949999988079
1.6547813735898647,0.8433979749680001
1.1648424502036023,0.632993996143
1.4763595078952518,0.6848490238189999
1.4298264530470384,0.829603970051
1.7312499452519918,1.11777603626
1.4256172525810602,1.0605150461200001
1.308958712492966,0.9966710209849998
1.8596868537208289,0.6726049780850001
1.589044404293401,0.84998100996
1.4893387498041712,0.792970001698
1.619955193946215,0.7509549856190001
1.3704511054407198,0.9556260704989998
1.0418888035581642,0.6085839867589999
1.4792978244783064,0.778249979019
1.589683076667268,0.509814023972
1.342511889937361,0.636431992054
0.9699808610413667,0.6015599966049999
1.7128347858896766,0.65563338995
1.0913566797674856,0.638554990292
1.5222471117573384,0.8762890100480001
1.3843816832139961,0.7967479825020001
1.6158667375111169,0.682483017445
1.264473222210523,0.802550017834
1.3562140072943136,0.795031189919
1.6411218343911695,1.58489704132
2.3425962502777082,1.0174859762200001
1.138511248627283,0.917778015137
1.8454534626280026,1.2302210331
2.087349935777321,1.0278990268700001
0.7654498992377646,0.9125559926029998
1.3343342356564492,0.793597996235
1.592369737270172,1.0304379463200002
1.6677779856927,0.532537996769
1.285866946166186,0.612778007984
1.3752324631477642,0.874128997326
1.6649421956200774,0.366723001003
0.9377829823856954,0.7391750216480001
1.3129559754100042,0.560423016548
1.4165661105609642,0.775817811489
1.3693456620632654,0.8102909922600001
1.583097972604178,0.6437510252
1.189644651052037,0.723645746708
1.2446025676970174,0.9113870263100001
1.7695460329620192,0.662783026695
1.2331109134317069,1.0020359754600001
1.5771904120196332,0.8224419951440001
1.6126825903178228,1.0305769443500001
1.7011246272947995,0.678113996983
1.666818388394651,0.533345997334
1.6491992923096137,0.320995986462
1.2263034920696538,0.7608630061149999
1.040493998169863,0.7439860105509999
1.09502475632665,0.546840012074
1.2940608055670315,0.7004669904709999
1.4331417240212359,0.8356525897980001
1.4243814268334183,1.27425897121
1.654881993615598,0.893445014954
1.9893765344679575,0.621165990829
1.6072801422624605,0.790015995502
1.0674529627909437,1.06749498844
1.0458917859292967,0.66980099678
1.212455846380745,1.26569497585
1.099476398096738,0.638062000275
1.185614766063498,0.9348030090330001
1.58284377464443,0.8006410002709999
1.5244637179663416,1.08570897579
1.7763404266786351,0.352703988552
1.2364148514135322,0.588370978832
1.3615194364617054,0.48754200339299997
1.0921011620420977,0.46368801593799996
1.2844416370227154,0.363703995943
0.951355882446443,0.875024318695
1.4014541477697586,0.6435279846190001
1.5068053271133597,0.4834130108359999
1.50842287346389,0.212089002132
1.310366545526704,0.45604699850100006
1.137785831199652,0.43679100275
1.2065798487095356,0.723880410194
1.3352839827835579,0.556069016457
1.3243966841675485,0.474842995405
1.1649037754613916,0.267464011908
1.0449770969374699,0.958843708038
1.3913449067422115,0.78689801693
1.5079977273762113,1.7943609952900001
2.244656106534745,1.33767795563
1.9538866863177322,1.2104539871200002
1.629472153727549,0.56547999382
1.2056541444727864,0.40084299445200006
1.3508837938258467,0.272765487432
1.1272167036965939,0.583644986153
1.306265061446169,0.853380262852
1.4482622659935829,0.866061031818
1.0374630052473173,1.15834999084
1.2482602645061587,0.7764859795569999
1.6321194136466919,1.06880700588
1.8055619649731063,0.5888479948040001
1.483936301748809,1.5888684988
1.7628890120594838,0.432785987854
1.4595335094446285,0.399603009224
1.3982705301555474,0.554534971714
1.2900291200096108,0.6221979856490001
1.3455576051584088,1.14955198765
1.4222394912750913,1.12126004696
1.470611456530449,0.9776459932329999
1.5618686299958189,1.73274195194
2.242422130131826,2.30270791054
2.7971981620370436,1.05347704887
2.060371482645993,0.796280026436
1.8550307944247768,0.520332992077
1.1713884713303813,0.610480010509
1.3867711440356278,0.445305794477
1.0128149119119798,0.652213871479
1.3152754258768888,1.17554116249
1.8432341026077688,1.0322021246
1.8919473286240882,0.7193930149079999
1.4116301157617397,0.820013999939
1.2549856011103764,0.9497330188750001
1.4998913544398458,1.0391149520899998
1.9498940836966228,0.58838301897
1.3705183619842365,0.950855970383
1.5088577638066922,0.527760028839
1.1675576021611613,0.773606300354
1.513846610598381,0.970355987549
1.5699704485520722,1.38388991356
1.7433901220621093,0.779523015022
1.5347883917647753,0.606999993324
1.473308708715009,0.466057002544
1.650349220330024,0.945527017117
1.0195653505647226,0.623872995377
1.520847116494026,0.39232400059699996
1.1948479773722633,0.5156549811360001
1.4330779626996657,0.967938542366
1.0582632828827852,1.3565659523
2.0485711896912218,0.9072690010069999
1.3189692399794777,0.816276013851
1.6632457419862088,2.47986698151
2.36384275124835,1.1330800056499999
2.2318998174196882,1.04558396339
1.0144537473416388,0.847437024117
1.9727558008698307,1.5365229845
1.7721077129013802,0.900898993015
1.6644199247286116,0.48120099306100006
1.3133231855460237,0.85725402832
1.386216568820111,0.861747980118
1.429734941781529,1.0086940527
1.3761242743232136,1.12772703171
1.7182241003837853,0.77955698967
1.4127435028254363,0.989550292492
1.5616940807301252,0.8363329768179999
1.881254491447286,0.9099559783939998
1.4472590313791105,0.551105976105
1.7648120196249777,1.23976433277
1.6327357377832643,1.21183896065
1.2630612584599392,1.37998199463
2.199249784143115,1.14846098423
1.0918711128885257,0.766390025616
1.8177518163011914,0.9660840034479998
1.4760966248385459,0.815675020218
1.6543946749435978,1.1422729492200001
1.4027033189102873,1.2994799614
1.0946706797518844,0.858331024647
1.7694861905256618,0.714946985245
0.9938704912143059,0.8764400482179999
1.6268481952880496,0.830546021461
1.1897488722155338,0.853524029255
1.055510954473613,0.909241020679
1.6749990083184265,0.520272016525
1.2726818039098708,0.741104006767
1.48205873206862,0.585331976414
1.3959343449896462,0.504777014256
1.2905675960210106,0.5519493222240001
1.2467348649160372,0.969752013683
1.561789087217581,1.11651599407
1.4433189630030157,1.0498449802399998
1.548919468178803,0.634262979031
1.2323152738176955,0.5644329786300001
1.581196465949446,0.9184709787369999
1.5979348720197728,0.9593539834020001
1.4270344062066556,0.598415970802
1.3976830151210797,0.9383450150489999
1.1429103561523564,0.45422500371900004
1.1707170709691965,0.7079470157619999
1.349806418139781,0.38765001296999996
1.2670220863360802,0.448433995247
1.0905594514162258,0.840570986271
1.3770550625191578,0.533711016178
1.337514569880347,0.721135020256
1.496643022261715,0.521538615227
1.5271905206637224,0.705075979233
1.1675944608653248,0.640564978123
1.509127743223108,0.516858994961
1.27602906146067,1.66040945053
1.036284797703885,2.46530795097
0.9223300765809777,1.62215602398
2.6167553166466173,1.8662700653100002
1.7302558193977438,3.62353610992
1.6951759713734287,0.794870972633
1.8030640463553154,0.906598985195
1.9075317818729756,0.8571879863740001
1.6852859760861643,0.775637984276
1.3257984799997424,0.700670003891
1.7595009769193084,0.6443409919740001
1.5794241765909192,0.7579550147059999
1.4693866460277294,0.549960017204
1.3499752479513805,0.49646699428599994
1.4011397896262037,1.36767756939
1.5360076946450334,1.3978940248500002
2.0484707814971213,0.814813017845
1.5297787854730402,1.27889895439
1.9202143535797056,0.862398028374
1.3990346068562234,1.09386599064
1.7058977235681523,0.813471019268
1.24118964233995,1.46668708324
1.4492197449753006,0.9060310125350001
1.8081757554942157,0.7652140259739999
1.6388675221514704,1.3110339641600002
1.8674204029828974,0.789250016212
1.5132187416378033,1.47490203381
1.9856535935158142,0.9167850017550002
1.946929711822694,1.18614006042
1.9230408230604707,1.4113919735
2.314733188246457,2.09247207642
1.4079228503504475,0.718922019005
1.790691596159478,1.3018610477399999
2.0414741944866894,1.26897478104
2.2111920042920787,1.2219970226299999
1.3047745081596964,0.906111001968
1.9169991730521587,1.0788739919700001
1.6534366663827973,1.0280250310899999
1.5892014774493621,0.7863690257070001
1.5165545602804138,1.27685296535
1.4839441395192345,0.709342002869
1.4040516272551176,0.520192980766
1.3060724005758433,0.564561009407
1.3279550319407551,0.9855200052259999
1.5453624973112117,1.09284198284
1.7074431412476039,0.47868999838799997
1.4729310129131499,0.39550599455799995
1.2666897225037097,1.85070300102
2.1033574167975555,1.1957960128799998
1.1611955568077503,1.70251083374
1.797358149485504,2.9983510971099996
2.221591030993739,2.40708088875
3.1653765804514347,2.5859439372999997
3.132686510996201,2.23383903503
2.5598552216733452,1.65577304363
2.7366975647955734,1.4306110143700002
2.0499146259084906,0.8921740055080001
1.555468560864262,1.23169696331
1.2126835653863528,0.895507991314
1.7548525435620488,1.60203301907
1.9895551085346805,1.58539903164
2.3813307235524843,1.2320599556
1.7757348000395352,1.21037101746
1.6811903173755403,1.24214100838
1.7547588080643917,0.9857040047650001
1.5275904587870592,0.728968977928
1.7521100653238169,0.6761519908910001
1.7889929182934616,1.07157301903
1.7065671115288221,0.9457439780239999
1.707303650117192,0.43763700127599997
1.5516908614349563,0.514182031155
1.2564939482540316,0.338719010353
1.1597271399269389,0.714428007603
1.5592580169492063,0.499619990587
1.0429251898232204,0.79173797369
1.0679125315190048,0.864624321461
1.6253854978613327,0.602496027946
1.4452647424690706,1.2600699663200001
0.9759094988734075,1.01233994961
1.627915932634808,1.00452899933
1.772900386872528,0.631023526192
1.4746538395853424,1.1412210464499999
1.9861691917108364,0.542609989643
1.2452899613465027,0.854745984077
1.623889860615665,0.7744219899179999
1.5305276102961316,0.308434009552
1.6667931804303093,0.837620973587
1.5990188144864652,0.7293469905850001
1.4285753754218116,0.7503905892370001
1.5700878032768226,1.13482201099
1.7130065813441397,1.61424005032
1.9147279142818099,1.2447930574400001
1.4904063812351132,0.714163005352
1.391177559752044,0.729304015636
1.5870231068501377,0.648698985577
1.3974726663093882,0.342799007893
1.2760388057157936,0.386186003685
1.2203400079339644,0.636629998684
1.4738000521880386,0.39904800057400003
1.1543035087082645,0.417885988951
1.4453515934386512,1.10379052162
1.5858720137557454,0.695618987083
1.4619357860800641,0.8070139884950001
1.2796745779509067,0.594769001007
1.4137695093404694,1.1076079607
1.5170585077356142,0.971358001232
1.4935365113619608,0.717034995556
1.4594452815694325,0.67648100853
1.4338688361019318,1.6877729892700002
1.8441451904618325,0.990756988525
1.5231769467109335,0.808203995228
1.3286919941923914,1.08771896362
1.204666373567532,1.5648180246399999
2.0691459725532297,0.667380988598
1.6007684378602478,1.2564899921400001
1.2065221245895095,1.09188604355
1.7539133880165962,0.737550973892
1.5133692480131375,0.6224380135540001
1.6505478124860773,0.8364729881290001
1.329033254953353,0.577426016331
1.2663940055438694,1.0157610178
1.4436012286541526,1.10615897179
1.5501809255540526,0.6945540308949999
1.493457180415356,1.13090395927
1.662047834100896,0.951821982861
1.1144446331248692,0.752457022667
1.559619083967865,0.558522999287
1.2129744102186313,1.4158363342299998
1.7210429439257582,1.8552980423
2.0938023273222592,0.7845479846
1.5885404568382004,0.8210539817810001
1.8182047123328093,0.583589017391
1.3125362310289703,0.835972011089
1.0659368837926795,2.18466305733
1.0396814120252018,0.680548012257
1.585165237511829,1.238904953
1.897265573605284,1.03032803535
1.8820431406174045,0.791410982609
1.6783162916931387,0.842372000217
1.681455424664394,0.446471005678
1.3314207033744703,0.558933794498
1.2939518181917897,0.709932982922
1.406483454403374,0.7334340214730001
1.3319289933781497,0.7833399772640001
0.9056058632300701,0.842680990696
1.5317344151100354,1.09976100922
1.1905172914646889,0.8706315755840001
1.1646544496292053,0.586246013641
1.6431530879211895,0.8863990306849999
1.7578980469514636,1.0193990469
1.7055554036490248,0.849361002445
1.710880533158297,1.0106669664399999
0.901086117589933,1.33151602745
1.537347000145456,1.2150089740799999
1.986081069751457,1.64559102058
2.0439329242523523,0.970878005028
2.0988365060834364,1.4112720489500001
1.1295389079747091,0.7953929901119999
1.8141572453187207,1.04633104801
1.7521438524693,0.887933969498
1.5534990562552975,0.8349300026890001
1.0983994460739386,0.9847199916839999
1.443218342977282,1.09039402008
1.6790458398376156,0.490164995193
1.227446217814538,0.6141669750209999
1.5089554181895621,0.631474018097
1.1549617755081953,0.825244009495
1.2657797997236282,1.05145096779
1.0938943168164872,1.0471149683
1.6476235827066255,0.39214301109300004
1.348423263491302,0.46951499581300005
1.3023826112742838,0.772090017796
1.51583878119209,0.7520099878309999
1.1611375149402745,0.687739372253
1.4592671311659757,0.6718119978899999
1.509977399903566,1.18593323231
1.65569087270668,0.657198011875
1.249050608329342,0.8213180303569999
1.495920040897865,0.7795739769939999
1.2504694566080026,1.03012299538
1.2431741869948663,0.621188998222
1.7031276013017977,0.8660820126530001
1.5039249464819646,0.9608931541440001
1.5587206000959721,0.6760399937630001
1.3377483260874987,0.740238010883
1.3270041197396643,0.598470985889
1.4272729286255526,0.615105986595
1.2925477981274478,0.935873568058
1.127725841026806,0.58182477951
1.551239024561504,0.715665996075
1.1497500818384607,0.6529520154
1.4068653868378955,0.9700022935870001
1.6634485707749243,0.7834500074390001
1.6829021288028103,0.744813024998
1.4903491866941698,0.8276180028919999
1.6943221839761249,0.8943400979039999
1.7835179179037546,2.50501704216
1.2398637881482306,1.62071204185
2.2535432908708035,1.41758596897
1.4952041558937246,1.04987204075
1.8369342298386795,1.22650754452
2.0735133053333348,1.0431790351899999
1.7244108550607868,0.9694439768790001
1.5878140861682204,0.819225013256
1.6363762762301228,0.8129550218580001
1.8278241986245751,0.671208024025
1.5565670137978234,0.528989970684
1.1676124665541403,0.346193015575
1.1253658248021785,0.478949010372
1.3623318107747335,1.15381097794
1.5351790092962547,0.9671270251270002
1.342489859447516,0.784583985806
1.3500230159846498,0.470185995102
1.4007422875666475,0.563278257847
1.4373142776146837,0.241623997688
1.1303855990123033,0.270985990763
1.2084789193004868,0.199468001723
0.9356369161105224,0.132716998458
1.0616464458953987,0.4732620120049999
1.0267588350781431,0.6585559844969999
1.047328533980956,0.9621880054470001
1.5089211014649961,0.511197984219
1.5030552717121766,0.9829789996150001
1.5333506904707668,0.910009980202
1.8405179974078607,1.0265760421799999
1.5223010229079683,0.830938994884
1.661645777661228,0.9651920199390001
1.2244217916726188,1.00054395199
1.0598009687076277,1.98318505287
2.292406981441785,1.27485501766
1.6034708799198194,1.28652596474
1.8257592638648885,1.3822449445700002
1.85837392125873,1.73692405224
2.4352645401671293,1.25766801834
2.3058991736503125,0.7533379793170001
1.7347541700429354,1.0849089622499999
1.4689710323635414,1.06249403954
1.9916316940341892,0.778762996197
1.8246403691787307,0.825646996498
1.4398082773472618,0.989183008671
1.0412787284547687,1.41809201241
1.8122615640338997,1.15167796612
1.5128923090911601,1.25036406517
1.960494562281383,0.879401981831
1.7538414711771508,1.0894230604200001
2.000873696355729,1.8090629577599997
2.198201005727521,0.868739008904
1.3629221855362486,0.8521729707719999
1.7399385374319971,1.3078379631000001
1.3511597045279897,1.2625759840000002
1.382157874729467,0.760155975819
1.7118453203313575,1.06988704205
1.554173104511896,0.8579840064049999
1.6776698874646627,1.14932394028
1.332556968254544,1.06714296341
2.1047586830506666,0.740061998367
1.5288411127490198,0.679988026619
1.2167518978163039,0.7323921322820001
1.2742185364923644,0.835274994373
1.3787917641633198,0.600082993507
1.0604570112754108,1.0105639696100002
1.577046154677476,0.761397004128
1.359574504322183,0.726006984711
1.3297475512202452,1.06432402134
1.8983999320006595,0.5901079773899999
1.0451137283408345,0.774465978146
1.6492218523785414,0.7406870126719999
1.528545501704996,0.8908360004429999
0.9640561420945388,0.7620100975040001
1.4600945455249557,0.777450025082
1.1965842553531592,0.581107020378
1.4300665642031838,0.7908779978749999
1.2605434276686347,0.890371978283
1.586811592964464,0.788205981255
1.1586338768683893,0.730194985867
1.687528743501858,0.9248933196069999
1.3061185798718642,1.26558697224
1.2156818303215813,0.7884140014650001
1.5703002704048454,0.91806101799
1.4826995227588182,0.656926989555
1.594462845637064,0.825268030167
1.6247451308344008,0.42572298645999995
1.6004949632218854,0.9114630222319999
1.5933420444662083,0.7238519787790001
1.119639380263954,0.9657319784160001
1.6203980279752592,0.719420015812
1.382039460846551,0.714648008347
1.427444406332566,0.618879973888
1.3818174612950376,0.850296974182
1.1653916237124748,0.611301481724
1.3056095484574688,0.840580999851
1.442594181070284,0.590990006924
1.268712185020955,1.1918078661
0.8299936739027524,1.07247805595
1.8295148268885328,0.7976800203319999
1.6099711454138435,0.714037001133
1.7985861374627203,0.8885610103610001
1.7496840635454713,0.736729025841
1.3193269176920066,0.9655410051350001
1.0458917859292967,0.856945991516
1.2616041745715,0.583833992481
1.187938664994678,3.0475621223400005
2.330610392812321,0.8865389823909999
1.5118422596857677,1.1864609718299999
1.9161185889532648,0.87507301569
2.3805102996373972,1.11197304726
1.726682749326035,0.692927002907
1.219584934077696,0.563274979591
1.5525914636231803,0.551968991756
1.2166335898492044,0.921135008335
1.603583362517008,0.546503007412
1.2636319328795735,0.9997850060460001
0.8561353391253346,0.75122398138
1.4386250917604513,0.840256989002
1.415260062626942,0.784314990044
1.1563076477892447,0.591548025608
1.329482020268125,0.610984027386
1.497714784409503,0.9328789711000001
1.6178654748854526,0.799202024937
1.167201301354248,0.983354985714
1.4500520314618424,0.54052901268
1.1589723838181203,1.0936700105700001
1.1261767162937748,0.926633000374
0.9082790725242705,0.797241985798
1.3419610217754234,0.589605987072
1.3168602442401014,0.7799540162090001
1.3711929398199179,0.518279016018
1.4615768373777367,0.7263879776000001
1.4262954315545047,0.621636688709
1.2798657559998006,0.881067991257
1.4398438650616265,0.731501698494
1.1339053934282814,0.970385015011
1.075756339146114,0.871535003185
0.6644077989751594,0.5505740046500001
1.4151564769583447,0.257629990578
1.3495714968586472,0.6952109932899999
1.3486565960351873,0.35474300384499996
1.105054348660143,1.30835092068
1.7709157363017949,1.42471003532
1.3408748550765832,2.4222431182900004
2.509617231561804,1.58809316158
1.8019962030927406,2.8828899860400004
3.166071811871346,1.51081001759
1.5525983481512569,0.5103110075
1.6226402658118702,0.663749992847
1.6394939082906164,0.586565971375
1.0998442437276568,0.9182999730109999
1.3742938371813944,1.1263630390200001
1.637980265356133,0.9455379843709999
1.6076455518295985,0.7979699969290001
1.7264198662693289,0.88952600956
1.7881392368119744,0.501745998859
1.529439113449327,0.788908004761
1.2656606444299963,0.557146012783
1.3667298591416412,0.8079270124439999
1.3515810376462722,0.7382910251620001
1.6114043982435564,0.6742079854009999
1.3871448150364576,0.878771364689
1.5570552857121727,0.7401880025859999
1.2375249550869154,0.8886500000949998
1.7039895442169768,0.798327028751
1.6873480511188037,0.513779997826
1.4693561422725596,0.776037275791
1.3805321728610616,0.852828025818
0.9936801604919446,0.785162985325
1.4466177111098295,0.8431609869
1.715311097680889,1.02479887009
1.6089022429931028,0.8044279813770001
1.7961504973450675,0.8841310143469999
1.76797127660138,0.36156499385799995
1.2508500121369086,1.1714910268799998
1.7170616742970206,0.44779101014100003
1.2074351189282713,0.766573011875
1.4262259507788402,0.773559987545
1.632219186345893,1.05482304096
1.4845275238368565,0.784330010414
1.5885878012082035,1.0342509746600002
1.791999868325648,1.09697902203
1.4514038350286194,0.7633029818529999
1.8362425995565315,0.5883730053899999
1.4343280870825434,0.636563003063
1.6422571460288942,0.575070023537
1.475469497288684,0.539964020252
1.4055429219523061,1.32467114925
1.6765554412428005,0.817846000195
1.7211983224286542,0.635960996151
1.3949988964977733,0.813592016697
1.7337926662601884,0.987214028835
1.238336270241778,0.983928978443
1.3318391767657054,0.590479016304
1.3685366770563672,0.898679018021
1.411263011541537,0.626800000668
1.5791822648658922,0.692685008049
1.3467513823268757,0.575704991817
1.5199249074792234,0.676468014717
1.331436484831138,0.827947020531
1.3537429912939294,0.654785990715
1.61375159865438,1.0858155489
1.669016671167389,0.8509550094600001
1.45092541328521,0.887935996056
1.7128464366294984,0.6557850241659999
1.2424892294091618,0.659780979156
1.5960091106430483,0.885627985001
1.328078529782866,0.750299990177
1.012685588699958,0.930316030979
1.090448239808836,0.7259460091590001
1.568662282301719,0.7123904824259999
1.1915247627118237,0.9326570034029998
1.521628139725352,0.654497027397
1.2831362245835924,0.498726993799
1.4208635389021382,0.9782410264020002
1.1169316424135545,0.559324026108
1.582802679307604,0.8733990192409999
0.891532616851885,0.6232500076290001
1.6224289637578297,0.631924986839
1.4747753250269386,0.833535015583
1.5779831919065974,0.861343026161
1.3438329779173348,1.03601300716
1.3249382317376284,0.6160370111469999
1.1507505626417025,0.987452983856
0.8190005124280896,0.668673992157
1.5118016939280245,0.645533978939
1.1304456532802938,1.00703001022
1.6412612196057645,0.7763000130650001
1.714056948496982,0.9358490109440001
1.7380537654762818,0.6626719832419999
1.2020302348091283,1.11335194111
1.7874927266676819,0.54953199625
1.736042000456509,0.927363276482
1.6589371924842957,0.821533024311
1.8198771230763184,0.919354021549
1.5781115618762702,0.6899859905239999
1.6788743621306021,0.649773895741
1.4270391724184008,0.970504999161
1.6331210595239158,0.8034440279009999
1.4765378701303418,0.8920990228650001
1.6070939422569452,0.746227025986
0.8287392069713957,1.4954074621200002
1.0827222105697434,0.7597569823270001
1.475455198653448,0.967728018761
1.4677948372206238,1.12601101398
1.5235393906352077,0.764141976833
1.4219409145882038,1.42381894588
1.993056473598577,0.830919027328
1.7260179157454774,0.531687021255
1.4913182104998928,0.694292008877
1.2247683482244087,1.09710001945
1.670225594297624,0.86237102747
1.368041838361391,0.971195995808
1.549932447048399,0.750190496445
1.7674260219777203,0.565989017487
1.330326804821021,0.7235890030859999
1.1656811975549544,1.0888769626600001
1.6459241634298931,0.261454999447
1.2337170696498894,0.192316800356
0.9873301895416216,0.204839006066
0.8661842081374416,0.375299990177
0.9541940026670301,0.18789100647
0.8385413450888223,0.417883992195
1.4173058266238312,0.612834990025
0.8948013907826119,0.48221001029
1.310028038576973,0.813664972782
1.3453018184614123,0.899798989296
1.6813931461642557,0.766745984554
1.565682976297655,0.6762999892229999
1.4484995174226811,0.9804093837740001
1.0159431355541293,1.07553303242
1.7540198334122408,0.645973980427
1.7221200018643739,0.76016998291
1.5369894283487437,0.8707180023190001
1.182354677229729,1.04555702209
1.6761081587494606,0.483233988285
1.1393179034862169,1.08598899841
1.6196160515015843,0.7320979833600001
1.674443056197294,0.712899029255
1.6697768289828523,1.0453890562100001
1.9453297474977131,0.735920011997
1.5003687170250892,0.8956930041310001
1.2143151985404856,0.874550998211
1.5541773411445585,0.923747003078
1.205549817393473,0.9997780323030001
1.567014973606735,1.73953402042
1.084179400373999,0.810788989067
1.4578599336271372,0.7049050331119999
1.5906135471157625,0.832826972008
1.4691286350985853,0.827660024166
1.7332063162997027,0.8953109979629998
1.7214837655542878,1.45950102806
1.7247200233293303,1.17951905727
1.2751051577928023,1.4434119463
1.111012854752454,1.30673503876
1.0289878334376839,0.763499975204
1.8350046554925585,1.1451480388600002
1.6469613970214818,0.725345015526
1.796601063228721,0.76335901022
1.0819124841521293,0.61748200655
1.1082925129198835,1.02932298183
0.9901409834815357,1.30205595493
1.510616284109066,3.16412496567
1.203123709699311,0.9734439849850001
2.248460814497274,1.2296710014299999
1.271876102293286,0.744153022766
1.5450881753463168,1.0630340576200001
1.7160060113533504,1.1238720417
1.5481920383506573,0.898477017879
1.7986393072026343,0.7175139784810001
1.7831160732957196,0.536750972271
1.5126295319502707,1.17544305325
1.0860958411588664,1.10104894638
0.9320893717506051,0.573449015617
1.3743087713115296,1.4311449527700002
1.9442244100360753,1.0377949476200001
1.9806939794894964,0.656862020493
1.4442967778215132,1.0749080181100001
1.664835008813717,1.3859720230099999
1.8309781598101493,1.0048049688299998
1.5584285901897117,1.6095399856600001
2.0894803265116426,2.8175759315499995
2.812200925621374,1.96256256104
2.1972750896591386,1.27975201607
2.380006140350564,1.9953299760799998
2.2791986436216427,2.03338599205
1.2493574464499213,1.3074439764
2.4100421712743945,1.61125802994
1.9468303627867591,2.04021811485
1.4909052447311186,2.18324494362
1.7406161868263588,1.35141599178
1.7562431123176871,0.7242180109020001
1.8109117728676374,1.3633890152
1.7270567380743145,1.52680897713
2.4013445762499814,1.7840195894199997
1.8274659913329636,1.10359704494
2.0183673881139574,1.76300799847
1.7089192899830241,1.15754902363
2.239150602389868,1.15332603455
1.9589327276503643,2.3628110885599996
2.1655585983897403,2.58078789711
1.7000113461469195,1.24214696884
1.6644889818410098,1.7128210067700003
2.207983178713526,0.6676509976389999
2.1237176142152094,0.8271329998970001
1.404840276425236,0.9642647504809999
1.6778324682430847,1.3941617012
1.5005418893851676,0.758404970169
1.7917221570546233,0.690075993538
1.6233054171398777,0.674024999142
1.8246727794185986,0.861522018909
1.220544531375745,0.790746986866
1.3705824410532563,0.728500008583
1.6908683751138647,0.24119800329199997
1.2457201913933762,0.335460007191
1.2838171573682675,0.591246008873
1.498525464069466,1.0584269762
0.822357249444471,0.766991972923
1.1113137615873057,0.588123977184
1.381231852745268,0.5922303199769999
1.3663542816561134,0.875351011753
1.0566296373281374,0.7038279771799999
1.0801735582758194,0.567749977112
1.2827314143326938,0.713387012482
1.4634130998894666,1.07750594616
1.5842674950506521,0.690941989422
1.65522664368269,0.772458016872
1.6181028322303674,0.7237120270730001
1.3290039162721654,0.9752489924429999
1.5825557895391986,0.9151769876479999
1.6142303381452388,0.757400989532
1.7562654605549817,0.691206991673
1.3121108731096585,1.1835279464700001
1.524136438093166,0.7705749869349999
1.6107066248440478,0.8947700262069999
1.0044870690031837,0.614335000515
1.417717839150256,0.769231975079
1.7475221098978142,0.907074987888
1.0768492844572142,0.40680998563799997
1.355745859385111,0.513888001442
1.4150966345219873,0.24814699590199998
1.1906031891919204,0.256875991821
0.9611895305192967,0.598065972328
0.9448561465315017,0.598169982433
1.4120492246478744,0.880114018917
1.4748920442567897,1.08564901352
1.6440389678109115,0.9920129776000002
1.620869247443142,0.8743849992749999
1.706078733698656,0.8770260214810001
1.780840577892708,1.008928895
1.7407294108342632,0.808875977993
1.6752192073010583,0.6714209914210001
1.4324226615425986,0.744962990284
1.2075561807066013,0.694267988205
0.9948988278773034,1.00188601017
0.9739628720808201,0.793558001518
1.5137703512104566,0.845004916191
1.6337450095992807,0.803124010563
1.3460697081314845,0.5744469761850001
1.4342546874216662,0.567972004414
0.7585020335029508,0.453808009624
1.3315995951886428,0.8494881391529999
1.4694919263493917,0.40645998716399995
1.27701079516438,0.24535199999799998
1.158042125201259,2.32321810722
2.196035874605367,2.02711558342
2.6121617476823364,1.5811179876299999
2.2630962620297685,1.72704994678
1.677545118632753,1.15064203739
2.5331258825425707,1.6079339981099998
2.3134528778558594,1.33123397827
1.2330695003474312,1.22164201736
1.2976448908836626,1.58354198933
2.097950626193714,1.60866212845
2.3334584691196647,2.18565392494
2.3446232671750655,2.98955988884
3.4270047465629303,0.75744998455
2.21748658127034,1.8113440275200001
2.0286492719225,1.5279519558
2.397276349735847,0.889223575592
