predict,actual
1.1778199974594568,0.709383010864
1.1351500101886978,1.01454794407
1.2928743365899076,1.1157310009
1.3642748364295578,0.41828301549
0.9464423418003296,1.00228095055
1.1198033379479915,1.21886098385
1.4554169853181418,1.14329600334
1.4158454593450784,0.652818977833
1.0855402067851836,0.6746559739110001
1.114180584994181,0.6009536385540001
1.1082442153075314,0.6694570183749999
0.7718510804853953,0.653807997704
0.5530176175186603,0.781412005424
1.1570350776173903,1.20630395412
1.4983677554186057,0.846925973892
1.281897433193087,0.82864099741
1.4798839626071587,0.648239016533
1.11540232393822,0.56237000227
0.9359095434223522,0.718330979347
0.9892837008622853,1.09964799881
1.3462320770782736,0.954171001911
0.7461351968453912,0.729013979435
1.155800628775364,0.669449985027
1.1401196862175889,0.863121986389
1.2385656839004506,0.646466016769
1.1133403548213971,0.822318017483
1.248480569404607,0.9235979914670001
0.9709422589082972,0.8300920128820001
1.192461799940945,1.06731402874
1.4171636875980054,1.54617500305
1.3893944669802278,0.682727992535
1.1423431769546686,0.6385620236399999
1.1174415211544824,0.6464239954950001
0.9255905890780128,0.688109397888
1.4327039739513865,0.727398991585
1.165448606421785,0.650035023689
1.1151060773992971,0.869369029999
0.9631568108961136,0.44085800647699996
0.8043375797411974,0.451860994101
1.0370742942005358,0.757507026196
1.1091770159039902,0.495238989592
1.082914447776803,0.685087025166
1.0265893697716444,0.724381327629
1.0119941702494433,0.8653740286830001
0.9872083863525756,0.740046977997
1.1599819733815864,0.807075977325
1.4353637319368835,0.8204330205920001
1.080147079321679,1.11441195011
1.1600210563178976,1.1086050272
0.6420726952418961,0.475149989128
0.8845010776219874,1.0392680168200001
1.2804155650035722,0.9457899928090001
1.2956163911648733,0.787750005722
1.2512509035025947,0.350454986095
0.9818218256696977,0.9367713332179999
1.4197908235120016,0.986805975437
1.3194714927816134,0.647023975849
1.3737772857440231,1.02977705002
1.308573496668131,1.1874469518700002
1.4001269166724242,0.9328820109370001
1.1277509430753312,0.7528370022769999
1.2546433871070657,0.642004013062
1.4140613074150967,0.23073400556999996
1.031503334081024,0.47149971127499996
0.8792146603436686,0.8772729635240001
1.2274048047302624,0.787630975246
1.3148187168758747,0.27422198653200003
0.9085475691192545,0.39922699332199996
0.6566193323622037,0.992351233959
1.0042071335000111,0.7627239823340001
1.3235515818672028,0.7200859785079999
1.1722744571359198,0.626478016376
1.0283334855229658,0.726989030838
1.1578382372543778,0.9301019906999998
1.2153943747954328,0.687269985676
1.0633764748431171,0.866255283356
1.451244431724694,0.835203826427
0.8535330404703221,0.940249979496
1.2697468766329463,1.0233579873999998
0.9220387021696165,0.732262969017
1.0171749365007419,0.930074989796
1.2981802953363821,0.8702930212019999
1.4121658379619089,0.510402023792
0.9196692594373149,1.0258179903
1.3586134242027024,0.455123990774
0.7069622850479579,0.734534978867
1.0982909882777794,0.7012919783589999
1.2091759512892792,1.01438605785
1.2260202731761678,1.1237702369700002
1.2114688168862067,0.48253700137100003
0.9685706978596644,0.46893200278299996
1.3653707473835217,0.875519692898
1.3411990633910786,1.1454249620399999
1.66139804056629,1.9437874555599997
1.705142331964434,1.5570390224500001
1.2640991275464273,2.10477590561
1.9796223232575252,1.06224000454
1.479981511074212,0.786782979965
1.404868767779891,2.24797105789
2.174520559292291,0.5664669871329999
1.100418307453421,0.8389729857439999
1.3058220155854916,0.31881898641600004
1.0257210719074716,0.638668000698
1.181029458532909,0.754026651382
1.2516054037406266,1.08582603931
1.1708109123826702,0.601429998875
1.184881828612891,0.6923220157619999
0.9774034414660101,0.878243982792
1.2459048026616433,1.27922403812
1.4510616210253084,0.725166976452
1.448692178293007,0.428310990334
1.0119346455605356,0.701224982738
1.0232432772948274,0.8846225738529999
1.2704608551523886,0.7809653878210001
1.3971160477550248,0.92597001791
1.1877413438284234,0.917864024639
1.108447785506963,0.90730202198
1.2590261835963885,0.409945011139
1.0182070861331356,0.87414598465
1.2715682050145412,1.2313439845999998
1.4666837803048918,0.7683960199359999
1.183106467695684,0.9357339143749999
1.2674666150181897,0.752327024937
0.9974705698192379,0.624783992767
1.4880805758192348,1.9779472351099998
1.937215324959289,2.47647929192
2.2776615932916995,0.682259976864
1.196701504162093,1.29407799244
1.7236962410464451,2.1165060997
2.143493156325443,2.03023004532
1.9124174666593332,1.72759306431
1.913569407080258,1.32161903381
1.4056934283276403,1.11427497864
1.5721749803579874,1.6184829473500002
1.7034344394223768,1.10235404968
1.4984446503014295,0.850126981735
1.3412413238018868,0.653181314468
1.0697719895945619,0.616827607155
1.1752144683720391,1.02320480347
1.2135282440234323,1.17678105831
1.4134491139953702,1.10875403881
1.4002073067771945,0.983811020851
1.35766071143273,1.82992756367
1.7170698298148959,1.34213101864
1.5228379101821197,1.26566958427
1.5627724096585398,0.793037712574
1.4479864612072564,1.0306893587100001
1.3420711742246476,0.821023225784
1.2812214784517904,1.0991692543
1.2609237713659076,0.525535523891
0.9739392528537268,0.775839388371
1.3984768541662096,0.720975995064
1.1575992911722146,0.8666771054269999
1.2527179434777906,0.846204102039
1.0820593893897004,0.7614132165909999
0.9316257782215146,0.658724606037
1.151777204651635,1.07865929604
1.165419161824781,1.2819403409999999
1.440152821498537,0.660000503063
1.1102664659931436,1.1125005483600001
1.3287040685954794,0.628070473671
1.039709373800774,0.686457574368
1.214892121993297,0.900040984154
1.53789458491708,0.734256923199
1.066822128187502,1.0111212730399999
1.3615680518215072,0.882759988308
1.2140620597389031,0.7521411776540001
1.1605181192450216,0.9489411115649998
1.047450549001635,0.6799052953720001
1.1872701243605406,0.721156597137
1.2770459592154786,0.6504104733470001
1.100799180729777,0.716710627079
1.4060894475657646,0.9056316018100002
1.285883363117753,0.6526464819910001
1.1112900364443958,0.7056654095649999
1.0194429118807773,0.658105790615
1.4016549641579596,0.659279406071
1.1455224520204008,0.663406431675
1.0010818755007254,0.7808002829549999
0.8960550103874361,0.756590723991
1.1631727932713238,0.9280405640600001
1.2169251760921989,0.707382977009
0.9202873841427689,0.38883998990099994
0.9528750330033874,0.342241793871
0.6065359793428423,0.23373000323799997
0.8929396025590906,0.145912706852
0.6887824706300428,0.394953489304
0.6478931930252273,0.967840969563
1.2721533899010444,0.783922016621
0.6413592992594449,0.8333759903910001
1.4984680576968896,0.9723259806630001
1.409802432431151,0.6905210018160001
0.9675773134161323,1.3453240394600001
1.5155991996150273,0.7227010130879999
1.1348294030119657,0.6804850101469999
1.317127575761103,0.7610610127449999
1.473343025439575,0.8075709939
1.1996139772859062,0.588663995266
1.0699766189521591,0.9960750937459999
0.7246349745361754,1.0454139709499999
1.3022656802127996,0.47130599618
0.941599870667129,1.04714095592
1.569833711232891,1.12621426582
1.4500674951710604,2.5604617595700003
1.769222989721506,0.7747610211370001
1.2602216554179202,0.717206001282
1.2364782949876527,0.800508022308
1.179142674176679,0.568039000034
0.9894227683294309,1.19578003883
1.632589891703859,0.797044992447
1.4684939875257474,0.48993599414800004
1.0494780954780756,0.9918130040169999
1.3341668886662816,0.744569003582
1.145266983070854,0.6096370220180001
1.109807532759982,0.856591999531
1.089747712598097,0.814429998398
1.2295537307324824,0.760592997074
1.1489397199259472,0.915751993656
1.2327965552881517,0.742163479328
1.4671473738339822,0.732936024666
0.7763310547364135,0.8745691180230001
1.2905578517658869,0.9644910097120002
1.503505308016747,1.4776719808599998
1.5142890209641593,0.6752679944040001
1.1001453623941415,0.5030400156970001
0.9481304280846898,0.706665992737
1.1874847098048946,2.9681959152200004
2.504266152677474,1.2553009986900001
1.4786203869155778,4.08481502533
3.272574402056789,1.6923229694400002
1.5816286024810178,0.412105202675
1.7503750583327198,1.03575098515
1.7648447476122953,0.640892028809
1.724899868385852,0.706547021866
1.3362091574412243,1.06083035469
1.3240579653861841,1.88095402718
1.7804654240704467,1.88637399673
1.8688462417054508,1.32877397537
1.5812666881358264,0.39318400621399996
1.1106564480297239,0.6382430195809999
1.2557203391298648,1.04553198814
1.60043660360696,0.658802986145
1.0688790133451302,0.80467402935
1.1913522258466447,0.8740410208700001
1.4454323012908712,0.853255033493
1.240203460171944,0.8952109813689999
1.2452175149279745,0.730158984661
1.1346097336084167,0.414941012859
0.9613485101599558,0.270094007254
0.6851568133554113,0.49113199114799994
0.8489044663286679,0.507916986942
0.9848326945870969,1.22402000427
0.9851092407841394,1.2676579952200002
1.4443268579134168,2.6334879398299997
2.2331642404378016,3.99961543083
3.013869300650763,6.65141820908
4.316318638889481,2.10267806053
1.777320571645097,1.28368997574
1.9811098049853175,1.29134750366
2.2319565882973653,1.3537540435799997
2.024407767132471,2.39019107819
2.8242933343982224,1.46144104004
1.459890551662258,1.599208951
1.3517651193354565,1.4711509943
1.5490176521407557,1.29820501804
1.4374726217604434,1.57962203026
1.931977152335414,1.3603550195700003
1.6869914325644406,0.803641021252
1.551439840949705,0.427668988705
1.3291838672445038,0.269407004118
0.9946963168360374,0.389717012644
1.0415914978610754,0.417917013168
0.6927796276312645,1.54603600502
1.5002188461446544,1.01761102676
1.1988866533735771,0.865315020084
1.163570507162513,0.619410991669
1.0578690642135424,0.845414996147
1.264656880236441,0.804859638214
1.2457694422480774,1.4358890056600002
1.7569315651253383,2.56575202942
1.7114708020039953,6.206179142000001
4.1107364626065035,0.9309499859810002
1.5428140568489208,0.907775998116
1.3542937535400503,0.460979789495
1.5246843406122395,0.5264570117
1.6357046640373052,0.794224977493
1.2425589220164595,0.9704009890559998
1.2418221715964564,0.669588983059
0.9830622057974516,0.6997730135920001
1.095937221086329,0.6903669834139999
1.2636657200250567,0.63616001606
1.4372186356323284,0.9726700186730001
1.2832998645201803,0.639338970184
0.9808084231368354,0.512377977371
1.1238737886942738,0.569913029671
1.1628677557196263,0.83180898428
1.2089391235234472,0.46941101551100006
0.7353119772984016,0.9054309725759999
1.2883540613706876,0.848275005817
1.4836747955977183,0.656663000584
1.053232917091004,0.63240557909
0.749173921622546,0.326855003834
0.6716506932170059,0.304740995169
1.3796974503107389,0.21594800055
0.7165017519403114,0.214847996831
0.8338267143462117,0.151231005788
0.7163350934029517,0.415333837271
0.8997129190282107,0.734420001507
1.048101083946957,0.9913370013239999
1.27293134157369,0.791000008583
0.9322127636768994,0.742917001247
1.3730556812857884,0.74265486002
1.1462099515857027,0.8799139857289999
1.280605577978484,0.73768299818
1.0515242831382308,1.24034297466
1.4887894703794824,0.8343409895899999
1.0155893767268134,0.305472999811
0.8859160599733433,0.892946004868
1.2688191599956824,1.28586602211
1.324694943106986,0.41464000940300005
0.9995526629412076,1.09013700485
1.6166113257015455,0.592383027077
1.4103503349502249,0.377326011658
0.7592459861984802,2.6935973167400005
2.318327971060561,2.2886660099
1.7057851350551472,0.895527005196
1.2622244175932853,0.8070570230480001
1.05171683809274,1.19486296177
0.9002942909453178,0.8929409980769998
1.170922865400776,0.977608025074
1.0731379942448924,1.8325070142700004
1.7269911761838628,1.4037929773299997
1.8345623510425968,0.7223749756810001
1.25854034774582,0.6599410176280001
1.1742671573087113,0.740734994411
1.1652031994748115,0.555365979671
1.0485395754275224,1.2367689609499999
1.416855896235077,0.6214020252229999
1.1062822307215425,0.710873007774
1.082436661528293,0.30647799372699996
1.3365186434572176,0.6473349928859999
1.0256510615527243,0.545826971531
1.0296092415334512,1.02424776554
1.150402205521031,0.8176820278170001
1.1258725260686095,0.7440620064740001
0.7853785956187462,0.736715018749
1.3222155597570935,0.576856017113
1.106448624469361,0.9152600169179999
0.9362670093032479,1.13702905178
1.2342670904852944,0.49600800871799994
0.8637317274049556,0.49413600564
1.0038187402006793,0.8834533095360001
1.156682166116607,1.27152490616
1.1993684644231164,0.886436998844
0.8647048289696162,0.898828029633
1.3183504797791243,0.9049779772759999
1.4405887709995049,0.829931974411
1.1906669505134906,0.8756300210950001
1.277612079255001,0.550292015076
1.1705615865504841,1.07391941547
1.1733580818551623,0.849192023277
1.1244512417261683,0.6393229961399999
1.1013009039528296,0.7995309829709999
1.1779652080439629,0.9646000266079999
1.3065030542859832,0.841355979443
1.2848006916408594,0.701144993305
1.1358343322795028,0.72400701046
1.1773457064328936,1.01030802727
1.3168393788242387,0.65380603075
0.9890825667266347,0.793285012245
0.9937421212446332,0.6538396477699999
1.005126165040317,1.1607899665799999
1.4486354074153298,0.808578968048
1.1903204998775172,0.374377012253
0.9999365018604272,0.25569999218
1.1863252493609937,0.489315003157
1.11944851996251,1.1518440246600001
1.2253169921541982,0.737277984619
1.1172113660850937,1.08875095844
1.2982882235534583,1.9758529663099995
1.6785687949998218,0.8547700047490001
1.5175285621295151,0.7977370023729999
1.0792078178604099,1.0524289608
1.3422061109749472,3.17945098877
2.685057249272755,1.79706799984
1.8932369596065433,1.05670201778
1.5909483470119141,0.875126004219
1.223963599850173,0.664539992809
1.3800266366686125,0.757168412209
1.2736365290803577,1.36848402023
1.591417871826732,0.9052469730380001
1.5349645297677172,1.0320609808
1.304762751504058,0.614133000374
1.0996534893420291,0.9733130335810001
1.2433616579901805,0.645228981972
1.0379496884244181,0.48943901062000006
0.9942485047636146,0.8408679962160001
1.0493734506513126,0.7771940231319999
1.1693237484023276,0.675535023212
0.9375703034260395,0.659205973148
1.0473810682259705,1.08415305614
1.171758223445998,0.9314100146289999
1.056394186467921,1.3594796657600001
1.3850581675343758,0.763398826122
1.4429897766451418,0.535733997822
1.1398290532169437,0.6781889796259999
1.2630002509495997,0.7839810252189999
1.2749775292338454,1.16936767101
1.4398562572121643,1.01528799534
1.526672486404919,0.925943017006
1.4575658054045453,1.31924402714
1.4651738444239881,0.9717460274700002
1.3663810783577035,1.1762996912
1.6568864504440282,1.71460902691
1.6358841913463773,1.30733704567
1.3339403347346563,0.6186890006069999
1.195739470800263,2.2984359264400003
1.8827142232311393,1.80824100971
1.722787907003612,0.879414975643
1.4410074562223734,1.57094502449
1.930545382327133,1.5785160064700001
1.555492497838805,0.620030999184
0.9986982400490044,0.9928810000419999
1.476004266246504,0.455186992884
0.8645253546184524,1.0173989534399999
1.248193961204991,0.8378469944
1.1583648506943225,0.488476991653
0.9892398517142288,1.2463409900700002
0.7220369125138254,1.20963096619
1.424481305448436,1.2524510622
1.5336773348490431,1.51972699165
1.746967322850664,1.06379795074
1.472179010615562,1.57149505615
1.3076290453318504,1.27810502052
1.4480776547253158,1.19207799435
1.296384174919129,0.830443918705
1.1680476746443924,1.40201568604
1.4445465273169658,1.156504035
1.3543635520631645,1.1625548601200002
1.496824773802935,0.60075199604
1.0479226157960506,1.25383579731
1.5094844676932877,1.79184401035
1.8324734793083672,1.73406255245
1.8083433143160164,4.93997097015
3.054196324143361,2.39435100555
0.8280434989303103,2.2125759124799997
1.9594356159473993,1.88652706146
2.4893375301647365,0.9343829751010001
1.61067421460418,0.909982979298
1.8291949611225167,0.8112999796870001
1.2943863907871422,1.04970896244
1.5370040447314293,1.35178804398
1.6240076390036817,1.27730596066
0.8809969587468605,0.7854449748989999
1.537301350428518,0.48462298512500007
0.9663538798190282,0.6676359772680001
1.0440036246674513,0.832251012325
1.1797401452979037,0.5959370136259999
1.28294038623877,0.341089010239
1.294755719239493,0.686011016369
1.1775991629819256,0.8153510093690001
0.9800278235687757,0.39854300022100003
0.9135783585743017,0.699815988541
0.8180425568251974,0.42636901140199995
0.97900435903334,0.686613976955
1.0566910685017432,0.182677000761
0.7762374781124812,0.701882481575
1.0602030251472958,1.7966820001599997
1.6969798236452909,0.720426976681
0.833475656372218,0.46806401014300003
0.5722251860625817,0.6408870220180001
1.0686610385946462,0.7520520091060001
1.1142594922775195,1.00181758404
1.3579915924436685,1.6608040332799998
1.8368505563435957,1.45059502125
1.2818238217005766,1.0850100517299999
1.4145736222198058,1.09955501556
1.4512909287681646,0.769418001175
1.5274806240852847,1.25443041325
1.5255881202749604,1.49632096291
1.8852809871296954,0.718636989594
0.7885393883744886,0.890201985836
1.3563533925089089,0.989175975323
1.4228103775263587,2.84901452065
2.473001921944794,4.28107500076
3.30928270576074,1.24873900414
1.524091000207861,0.70965898037
1.2280849961042215,0.7497439980509999
1.34462480456195,0.8907449841499999
1.236571500906227,1.46952795982
1.978784317316889,1.60888803005
1.796450027274304,1.04346096516
1.4025238975170318,1.18475103378
1.5176717603135066,0.506372511387
1.1274886955135244,0.694615602493
1.2668301668764703,0.929911017418
0.791885004230131,0.775462985039
1.4556520125150922,0.856469631195
1.1335799141239873,0.926900982857
1.2134714731457552,0.7506660223010001
1.1946922811219176,0.9248849749570002
1.2643250459831532,1.07016265392
1.57908037385036,0.8752880096439999
0.7041106076028508,0.7511039972310001
1.21077930492039,0.8627579808239999
1.1857030998545104,0.509657025337
1.4050915087421203,0.8495249748229999
1.3321059787076244,0.671136975288
1.094358545840477,0.613218009472
1.0147947962709676,0.381054997444
0.858052944984184,0.871042013168
0.995259471232696,0.654031991959
1.1746686841692968,0.9089673757549999
1.18094101882608,0.9709029793739999
1.48450369277813,0.9856920242310001
0.8760485717970982,1.35625624657
1.2783180081723846,1.30987298489
1.4204667782532983,0.634491980076
1.4689864960727594,0.593350827694
0.9757794342506697,0.879638016224
1.2337591182290644,1.13183641434
1.6595950356209603,1.84127402306
1.838224708147667,2.26174592972
1.9397742510874194,2.5979759693099997
1.844048383405495,2.3991920948
2.161570232401293,1.98229801655
1.981133106464961,2.2695479393
1.9829279558924156,2.0178899765000002
2.338474006697127,1.45226204395
1.567280504558855,1.34279799461
1.629866796060058,1.3119150400200001
1.5526000428043218,1.2767620086700002
1.7695259089568725,1.2752670049700001
1.557449822128865,1.2104460001000001
1.19887023642201,0.815348029137
1.1208871744988673,0.72711199522
0.9049563874429137,0.604301989079
1.1658616781063755,0.9830358624459999
1.541258047587813,1.10152900219
1.3877736372393843,1.1837249994299999
1.5773175109995072,0.435640007257
1.0362408426400118,0.327004015446
1.0157875452196001,0.803984999657
1.1306088695536152,0.421685993671
0.8952609595106731,0.573455989361
1.276728105849977,0.39594578743000003
0.9758045362991948,0.416375011206
1.0647236181139654,0.560397028923
1.0109238909230873,0.774905025959
1.2227598665949493,0.637084007263
1.01300990293027,0.383926004171
0.7575359223821834,0.564873993397
0.9028096856728414,1.05471503735
1.288419729176956,0.6537709832190001
1.057270851681602,0.593102991581
1.1243078317105437,1.02260899544
1.044979956664517,0.8359869718549999
1.333073413776099,0.637534022331
1.205839603067586,0.9755985140799999
1.2944473982974818,0.48980799317400003
0.9944224185344089,1.0986479520799999
1.343496059704852,1.1511659622200001
1.3650822326992076,0.8061249852179999
1.1646019153841909,0.47447699308399993
0.9998090851331034,0.789602994919
1.35760341097597,0.476253002882
0.9965649895876354,0.545522987843
0.9359218296570734,0.6212809681889999
1.0748184545904602,0.7707700133319999
1.1775034150837538,0.933706998825
1.3722669261998535,0.8110550045970001
0.9710042196609858,0.600552976131
1.0788475981682835,1.00252103806
1.152156806938192,0.8921650052069998
1.2450391526928846,0.9160850048070001
0.9834411725891093,0.741342008114
1.4480603904472162,0.9283249974250001
1.1753315053493398,0.642940998077
1.0437334334194026,0.9950090050700001
1.3951669848986568,0.627136588097
1.0921982868458848,1.0386890173
1.3303313592011332,0.6888009905820001
0.9557876120430173,0.5214130282399999
0.7211043237489997,0.651027023792
1.2153310371371289,1.1597019434
1.5155080060969677,0.645640015602
0.9119128323588691,1.19586265087
1.5011984615320335,1.30470395088
1.4328262008036985,0.8844429850579999
1.2324351705220433,0.7697709798810001
1.077654986073799,0.770210027695
1.2352104826634094,0.641828000546
1.1908712621236381,0.893715977669
1.282583449936957,0.5247250199319999
1.0108189283488747,0.514221012592
0.8119496435616695,0.717274844646
1.0904311873623695,0.641076982021
0.65522060808869,0.4689820110800001
1.0769180238221627,1.2037500143100002
1.3392568850627868,0.7911959886550001
1.1610589254043857,1.13630115986
1.0645396423405977,0.8642929792399999
1.1768705680797977,0.8814030289650001
1.2847727298652871,0.58174097538
1.4836186602149406,0.865119993687
1.3090035148833716,0.907812476158
1.1414876949042998,0.7377740144730001
1.1523742521095932,1.1203750371899999
1.5558108807833895,0.9422479867940001
1.0705985566270093,1.06006002426
1.147810763237216,0.715842008591
1.1774426194050474,0.404020994902
1.3786154143287446,0.29207798838599996
0.8943154490162268,0.631792426109
1.416530416930783,1.12466526031
1.4793755666876627,1.11569094658
1.4361675270687702,1.24741899967
1.2082264159938036,0.697616994381
1.1199766162238864,3.69397497177
3.005013043733141,0.820483982563
0.943216251943677,0.85730701685
1.5864755220785138,0.690235972404
1.324828608867487,0.8385969996449999
1.3085760386477285,1.28772699833
1.4403392333356857,0.9632229804989998
1.2532457219917175,1.34329998493
1.3884720461337923,0.7316169738770001
0.6339554129764247,0.6809219717980001
1.3316486342117109,0.701478421688
1.098128725246807,0.669803023338
1.0669660677822095,1.36564302444
1.555623939367158,0.9781420230869999
1.3045860839220331,0.67867898941
1.048168022743024,0.597633004189
1.0989552922792545,0.819377481937
1.1381285747820458,0.791110992432
1.2771221126875865,1.0441473722499999
1.1941732936207654,1.4000159502
1.7493869696800157,0.874862015247
1.1107148076446494,0.622817993164
1.4775630293188424,0.7164059877399999
1.179814286369497,0.6523500084880001
0.7652632226110747,0.9379299879069999
1.3482559165011345,0.593699991703
1.0120424678617954,0.539344012737
1.3377817954855322,0.9370089769359999
1.0825300792785004,0.808772027493
1.3733150691205478,0.56542801857
0.9332314620005898,0.602082014084
1.3558708400486539,1.14667999744
1.327599578460374,0.9824249744419999
1.1536786053905503,0.567151010036
1.034543223932161,0.786639988422
1.4985336195873413,0.7388439774510001
0.8527676927798473,0.681029975414
1.1094658483357538,0.708697974682
1.0847444612553556,0.6642330288889999
1.149885124504577,0.512479007244
0.9774781121166861,0.604038000107
1.0530399384732287,0.672879993916
1.0774351048386168,0.8265414834020001
0.9565993508611461,0.454686015844
0.9418812889917335,0.559450984001
0.8905911311584681,0.133221805096
0.7898948989948451,0.163306996226
0.8371563369135534,0.17978604137899998
0.7325879813701597,0.57479184866
0.9782759759628453,0.8508148789409999
1.3398799878116194,0.852764010429
1.0802904893373035,1.6876280307799998
0.6183829282148089,2.1495220661200003
2.028034536523176,0.812285006046
0.741662001206633,1.2396399974799999
1.3032866027686378,2.12843728065
1.770094359144359,2.1392390728
2.1087788237840823,0.9779880046840002
1.246409385611743,0.6937779784199999
1.4676660435876847,0.721879005432
1.1446008785004975,0.7631160020829999
1.1507267315829761,0.856532990932
1.0438120229552912,1.1093380451200001
1.1752658375430716,0.647634029388
1.190088120575981,0.9241870045659999
1.1234838066576938,0.7877320051189999
1.1851334845930415,1.3055670261399999
1.371226726965401,0.910771012306
1.2748846410627208,0.869964003563
1.1404435767846346,0.574302017689
0.7889821164877164,0.859953224659
1.363859858260269,0.47758498787899994
1.051107186652611,1.1080174446100002
1.5595802128631868,1.29072499275
1.4400819638172573,0.859157979488
1.2325080406038378,0.305898010731
0.6385873234663005,0.903901994228
1.1643936848888305,0.635275006294
1.1147226621433437,1.0234229564700001
1.3295978921714435,0.673066973686
1.0618553118856582,0.850479006767
0.9245440348945667,0.51419699192
1.1078587876510633,1.52795660496
1.4703097023690646,4.09438562393
2.9710858775404665,0.9952359795569999
1.0930903098529674,0.8670449852940001
1.1475470328539776,1.14105606079
1.6111615332761804,1.6222579479199999
2.093705943929188,1.9802049398400003
2.051596145412224,1.3755470514300001
1.7361721709950633,1.8518650531799998
1.9382295748186837,1.42092394829
1.7202512231969596,1.5891779661200003
1.622497067627879,1.67319941521
1.6279849897472063,2.12393403053
2.1963421831468635,1.64840197563
0.7763169149749025,1.2047419548
1.3813088535439084,0.792083978653
1.3850342305598329,1.22702741623
1.8114873194148335,1.2269510030700002
1.3240871981515552,1.13134396076
1.3958714309946085,1.25246500969
1.474711457789552,1.1168919801700001
1.4270380073444187,1.1223870515799999
1.4937045997628442,1.0401530265799999
1.5948998542961976,0.809131026268
1.0817654729987416,0.7681059837340001
1.1785660684713173,0.7982919812199999
1.123077513585363,0.766672253609
1.21923795386264,1.05736005306
1.6110838969826407,0.8607699871060001
1.0193305351994053,1.0707770586
1.3020871061460766,0.53015100956
0.9989432233327116,0.660418987274
0.7523178208055468,0.990917980671
1.1839243496311733,0.356153011322
1.393013080853058,0.961823999882
1.2781527794985483,1.24482905865
1.4433904561791948,0.8381230235100001
1.0692931441878866,0.9245989918709999
0.8315124537543388,0.8131660223010001
1.1456177762553064,1.00306105614
1.3617436602453665,0.875234007835
1.1854875611678073,0.7991399765009999
1.0609870140214854,0.881296157837
1.5519973818080857,1.06308019161
1.2118009688869442,0.9057049751280001
1.2732327779876247,0.690955996513
0.9757030689469287,1.3559700250600002
1.767315657696863,0.757239997387
1.2249387667732565,2.04375457764
1.9338548279314196,0.8576130270960001
1.2944627560908832,2.36495709419
1.9341890982484882,4.17923116684
3.2497200989907404,2.23356199265
1.7972560466383385,0.8013390302660001
1.8892646928222137,0.83728402853
0.9905814873626158,0.8851529955859999
1.6050937220611776,0.9040349721909999
1.3261576405337032,1.30293953419
1.3696428618445375,0.722869992256
1.4368994053612116,0.800912022591
1.1574932694398363,1.03291928768
1.262316564353694,1.3216282129299999
1.5183705928711806,0.93677598238
1.3031971039036432,0.700770020485
1.4508139898461871,0.762431979179
1.1474099777873468,1.14493894577
1.4285009166027687,0.772161006927
1.1576795753611684,0.8772150278090001
1.1460951388405498,1.2435050010700002
1.2262453442863614,0.638184010983
1.2051469136272726,0.746819972992
1.1522020329918639,0.683992981911
0.8608435619610432,1.4195051193200001
1.7077477551360352,0.614147007465
0.9658031175729074,0.7347676754000001
1.239629502361996,0.6770560145379999
1.0134339898597828,1.07402694225
1.1512533450229208,0.615638971329
1.109264078705204,0.9692379832269999
1.282502742084737,0.9916120171549999
1.525853545311264,0.808956027031
1.4286427378811448,2.4351439476
1.9936826479060896,0.822347998619
1.577340282900068,0.593822002411
1.565252110755882,0.576224982738
0.971541848345853,0.42242398858099994
1.0645007712359196,0.676587998867
1.4516388622255696,0.552034974098
0.8989619758887882,0.9015229940410001
1.1929448819802828,0.748996019363
1.1454031908109523,0.8627583980560001
1.2462626922058053,0.9480749964709999
1.4601795959256547,1.05561387539
1.3156078956250759,1.9700200557700003
1.8798367023267912,0.9391199946400001
0.9152084029911861,1.00904297829
1.4356774545855393,0.7824029922490001
1.2724412690904592,1.01626503468
1.4357912081725266,0.878274977207
1.3307334156408013,0.735361993313
1.2249374957834578,1.1099909544
1.2274810641181868,0.772719979286
1.0595433814417496,1.16498196125
1.3479407110310468,0.715721011162
1.2138791431237013,1.47547900677
1.605794884766816,0.835452020168
1.2395714604945203,0.734466016293
1.5066289772787846,0.786192774773
1.5423914527408398,1.14346504211
1.6576826196371224,0.924699008465
1.302197470426934,2.95876455307
2.4999083523208596,2.13832402229
2.0213849297278,2.03871202469
2.1140894428264856,1.4802099466299998
1.712136588826902,0.9367650747299999
1.434235622574685,1.71593976021
1.8649531999519093,1.00140202045
1.5260779809265583,0.889622986317
1.3655232661593704,0.749293982983
1.0471743205520423,1.1151839494700002
1.4448136470063342,0.9457820057870001
1.124982197714592,0.645218014717
1.431141080162202,1.16484200954
1.427580190409398,1.2443510294
0.992482464438265,0.9045109748839999
1.2463322788972864,0.5575259923929999
1.0998677570389335,0.577834367752
1.0932131722001788,0.719983577728
1.0337770289151538,0.76077902317
1.1804947954909057,0.540440022945
1.0746799167023975,0.8009672760959999
0.9878270406371125,0.771014988422
1.093583347979062,0.670971989632
1.119826639427635,2.7689704895
0.709691629724936,3.08613300323
2.5318347687386837,1.11635804176
1.7975233781593403,1.01826095581
1.521117307742075,0.744261026382
1.3336080768181022,1.1143867969499999
1.6100023905797292,1.3805164098700002
1.7356853819021458,1.22909843922
0.9325437506036547,1.57323896885
1.7217390226722016,1.24559795856
1.24199333155602,0.829861998558
0.6302378737309259,0.537698030472
1.4578354670735114,0.8593800067899999
1.3537710589853182,0.794964790344
0.9560536725742202,0.812288999557
1.105122452530192,1.20946097374
1.172795880700853,1.04361104965
1.2586194668607915,0.9914460182189999
1.3064759398369434,1.37764596939
1.5296171579369673,0.7495359778399999
1.1849501443145734,0.754966974258
1.1191001628418384,0.852221012115
1.275877072263904,1.31262803078
1.3787510924897601,0.949999988079
1.040179216363042,0.8433979749680001
1.2338084749995821,0.632993996143
1.2085212856271115,0.6848490238189999
1.2482611118326912,0.829603970051
1.2996570795667017,1.11777603626
1.173837139093471,1.0605150461200001
1.0356792769806018,0.9966710209849998
1.1174542310524698,0.6726049780850001
1.3914134342755269,0.84998100996
1.2230008250776272,0.792970001698
0.9514252573062909,0.7509549856190001
1.1894071877913057,0.9556260704989998
1.1255218387999737,0.6085839867589999
1.0266369259732806,0.778249979019
1.1678305472204409,0.509814023972
1.0670195552695732,0.636431992054
1.1621199900547006,0.6015599966049999
1.409858038234846,0.65563338995
0.9979904046469227,0.638554990292
1.1440877163692562,0.8762890100480001
1.0249070029413785,0.7967479825020001
0.7359942340307837,0.682483017445
1.314785777056924,0.802550017834
1.0649681777344064,0.795031189919
1.1962494554570076,1.58489704132
1.5665377169373078,1.0174859762200001
1.4361816138723729,0.917778015137
1.259981756093408,1.2302210331
1.3498480430556898,1.0278990268700001
1.381329718959771,0.9125559926029998
1.1269735209817684,0.793597996235
1.1920504229094193,1.0304379463200002
1.1712013180825167,0.532537996769
0.7001446428096066,0.612778007984
1.1212672004486905,0.874128997326
1.0919293665876346,0.366723001003
0.7616546177829095,0.7391750216480001
0.9995204645329728,0.560423016548
1.3010519908708191,0.775817811489
1.0700519250977345,0.8102909922600001
1.1478577898597695,0.6437510252
1.2160050853937274,0.723645746708
1.1534937822906504,0.9113870263100001
1.232226198615967,0.662783026695
0.9848736840081062,1.0020359754600001
1.2681819704432473,0.8224419951440001
0.9082065201899259,1.0305769443500001
1.566470248562158,0.678113996983
1.1856614749386016,0.533345997334
1.3649520621606532,0.320995986462
0.8832292934546229,0.7608630061149999
0.9519910595983635,0.7439860105509999
1.2349021617213982,0.546840012074
0.9756332704238145,0.7004669904709999
1.1550080607200328,0.8356525897980001
1.1649771751222688,1.27425897121
1.528341296010665,0.893445014954
1.0172416634651757,0.621165990829
0.9624344650271628,0.790015995502
1.2734072213375018,1.06749498844
1.2986359451792304,0.66980099678
1.0304759506603756,1.26569497585
1.505895510249095,0.638062000275
0.9180996929516871,0.9348030090330001
1.0069548016132546,0.8006410002709999
1.0829195317359979,1.08570897579
1.410432207876427,0.352703988552
1.0729238324638046,0.588370978832
1.452299247341832,0.48754200339299997
1.0100312324211054,0.46368801593799996
0.8324071246568354,0.363703995943
1.218327395587659,0.875024318695
1.2708327255843368,0.6435279846190001
1.3683541841044313,0.4834130108359999
1.3001661109810971,0.212089002132
1.1619020153042168,0.45604699850100006
0.9774319328206652,0.43679100275
0.9901983898541121,0.723880410194
1.1633263712053383,0.556069016457
1.1061745143360993,0.474842995405
0.9847123742194828,0.267464011908
0.8294732565380766,0.958843708038
1.2499591542038082,0.78689801693
1.0859266935998173,1.7943609952900001
1.7584810076058193,1.33767795563
1.4589053227366011,1.2104539871200002
1.2540177423786356,0.56547999382
1.133511598422305,0.40084299445200006
1.1387680944824452,0.272765487432
0.9550275601433706,0.583644986153
1.0562647573400825,0.853380262852
0.9943378977127927,0.866061031818
0.6096107154976281,1.15834999084
1.4391898348943581,0.7764859795569999
1.2078445894750989,1.06880700588
1.126718687527121,0.5888479948040001
0.9077510821787106,1.5888684988
1.348340860986017,0.432785987854
0.9435760479725371,0.399603009224
1.3927456434162397,0.554534971714
1.0276914238429686,0.6221979856490001
1.2842592499865961,1.14955198765
1.2159711923324277,1.12126004696
1.1731115098342069,0.9776459932329999
1.5504515404653678,1.73274195194
1.9584355588074238,2.30270791054
1.9627918763426062,1.05347704887
1.4242145035065172,0.796280026436
1.2123946270387724,0.520332992077
1.0664503636713707,0.610480010509
1.2478415792832904,0.445305794477
1.1452462235708079,0.652213871479
1.088497164551953,1.17554116249
1.4717748358595626,1.0322021246
1.271271958475618,0.7193930149079999
1.1441786980556827,0.820013999939
1.2210806772391802,0.9497330188750001
1.0711606518655021,1.0391149520899998
1.4050320899690292,0.58838301897
1.1223606753388735,0.950855970383
1.2005219935812896,0.527760028839
1.1020412555105958,0.773606300354
1.0435572954164605,0.970355987549
1.1652120964034027,1.38388991356
1.3250013575642992,0.779523015022
1.1543872881191648,0.606999993324
1.0824852768880948,0.466057002544
1.0671183747264252,0.945527017117
1.2940884495951541,0.623872995377
1.0990004124171098,0.39232400059699996
0.8466180086386423,0.5156549811360001
1.0091687599268435,0.967938542366
0.940066633306582,1.3565659523
0.7576342652178609,0.9072690010069999
1.234865726680501,0.816276013851
1.0212422097725273,2.47986698151
1.9626425350412542,1.1330800056499999
1.35619070581467,1.04558396339
1.330288145547976,0.847437024117
1.275501282946743,1.5365229845
1.8990777932266545,0.900898993015
1.6931235346800964,0.48120099306100006
1.0856729193033354,0.85725402832
0.7085958776446971,0.861747980118
1.2454188608952583,1.0086940527
1.0179248204819986,1.12772703171
1.3408447749846797,0.77955698967
1.1669493276266476,0.989550292492
1.3693301983540473,0.8363329768179999
1.2606114256228673,0.9099559783939998
1.3791267758911043,0.551105976105
1.3686849591995536,1.23976433277
1.3997377819623764,1.21183896065
1.436138082471766,1.37998199463
1.5625902344540537,1.14846098423
1.3996035866227927,0.766390025616
1.1797907730582202,0.9660840034479998
1.227808873570445,0.815675020218
1.1383753586346343,1.1422729492200001
1.4373871476964781,1.2994799614
1.531688341729831,0.858331024647
1.2331707558680642,0.714946985245
1.1526547171918486,0.8764400482179999
1.1526686980796348,0.830546021461
1.2603395397217534,0.853524029255
0.9397197590073425,0.909241020679
0.8113627110641929,0.520272016525
0.9437367222662612,0.741104006767
1.003621207202792,0.585331976414
1.041584083753916,0.504777014256
1.0123602153114803,0.5519493222240001
0.8687171319326061,0.969752013683
1.3203625625463469,1.11651599407
1.3686487359902895,1.0498449802399998
1.3560267481306327,0.634262979031
1.019711938054844,0.5644329786300001
1.2851819885804816,0.9184709787369999
1.2109749314335796,0.9593539834020001
1.1723149169778462,0.598415970802
0.7280499122937575,0.9383450150489999
1.5008263792684522,0.45422500371900004
0.9717175626855288,0.7079470157619999
1.255063025572283,0.38765001296999996
1.364867541339037,0.448433995247
1.0247242981578095,0.840570986271
1.0357145469475169,0.533711016178
1.0084633605885427,0.721135020256
1.3640945677097698,0.521538615227
0.881716074183406,0.705075979233
0.9679944099017522,0.640564978123
1.1300553534962638,0.516858994961
0.8040202559547786,1.66040945053
0.5938842820966399,2.46530795097
2.2490103057535964,1.62215602398
1.4514475782608594,1.8662700653100002
1.6034571108636664,3.62353610992
2.4727201858727397,0.794870972633
1.4431508746021322,0.906598985195
1.4661724187425318,0.8571879863740001
1.2759160492843986,0.775637984276
1.2298101529243783,0.700670003891
1.332185839233312,0.6443409919740001
1.1959556449818656,0.7579550147059999
1.1679289430140267,0.549960017204
1.1545752886935616,0.49646699428599994
0.7971810068898487,1.36767756939
1.5473795581218126,1.3978940248500002
1.1772600205372952,0.814813017845
1.018659558501487,1.27889895439
1.2612188528308486,0.862398028374
1.0545254078005064,1.09386599064
1.7287958757822575,0.813471019268
1.3189294156324505,1.46668708324
1.5887018725426405,0.9060310125350001
1.3223017752317747,0.7652140259739999
1.294846806841736,1.3110339641600002
1.446315321453546,0.789250016212
0.7206446491051219,1.47490203381
1.2185535258560183,0.9167850017550002
1.292564426910648,1.18614006042
1.4908024004732372,1.4113919735
1.3035314801365283,2.09247207642
1.5578247641194936,0.718922019005
1.2634584427720454,1.3018610477399999
1.5800417717172903,1.26897478104
1.4626270986147623,1.2219970226299999
1.5696801332988768,0.906111001968
1.1593472198929322,1.0788739919700001
1.4223496437243155,1.0280250310899999
1.4688858760470258,0.7863690257070001
1.1864434514122766,1.27685296535
1.589598026266569,0.709342002869
1.1928637504647965,0.520192980766
1.1618237435157777,0.564561009407
1.372165035184321,0.9855200052259999
1.3633597237744648,1.09284198284
1.5898946964687584,0.47868999838799997
1.0077037323521623,0.39550599455799995
1.2594340654059675,1.85070300102
1.5341997116563253,1.1957960128799998
1.398919158616171,1.70251083374
1.7739789276325757,2.9983510971099996
2.5650972072666165,2.40708088875
2.2345913501501538,2.5859439372999997
2.2563028215555017,2.23383903503
2.39791205646685,1.65577304363
1.8410751146029753,1.4306110143700002
1.9220312334970049,0.8921740055080001
1.090750523549303,1.23169696331
1.7551624532413084,0.895507991314
1.2176501698565636,1.60203301907
1.539444239229194,1.58539903164
1.7057396971698422,1.2320599556
1.2813341728806118,1.21037101746
1.478230298963181,1.24214100838
1.3935020941781235,0.9857040047650001
1.4596361418708768,0.728968977928
1.2760038534963283,0.6761519908910001
0.8042692110816068,1.07157301903
1.647680989079202,0.9457439780239999
1.1882634028882562,0.43763700127599997
0.6972215251462287,0.514182031155
1.0921296533967528,0.338719010353
0.7826537523639719,0.714428007603
1.204148551140362,0.499619990587
1.0251788888424922,0.79173797369
1.0696181998289143,0.864624321461
1.2073698747852692,0.602496027946
0.9956120649860298,1.2600699663200001
1.4359333471983524,1.01233994961
1.234089575576737,1.00452899933
1.13957379609903,0.631023526192
1.0432114802753865,1.1412210464499999
1.369747400755484,0.542609989643
0.9792735970390399,0.854745984077
1.300607885851976,0.7744219899179999
1.2288873084146763,0.308434009552
0.9783958726671932,0.837620973587
1.216794899637828,0.7293469905850001
1.0601796177518357,0.7503905892370001
1.4046461327334783,1.13482201099
1.2991716673793994,1.61424005032
1.5715669176551066,1.2447930574400001
1.20192082377062,0.714163005352
1.2166471470737243,0.729304015636
1.2248990483420459,0.648698985577
1.3704122343360416,0.342799007893
0.9851889953940104,0.386186003685
1.1517669308174285,0.636629998684
1.010271767240517,0.39904800057400003
1.0497168297286057,0.417885988951
0.6735824388373662,1.10379052162
1.4591193786018721,0.695618987083
1.0395076041702243,0.8070139884950001
1.2127777245472762,0.594769001007
1.0264406639651917,1.1076079607
1.4204347916766966,0.971358001232
1.2633577168304955,0.717034995556
1.1405402779251554,0.67648100853
0.8512953040559149,1.6877729892700002
1.385254323626648,0.990756988525
1.334796558195741,0.808203995228
1.4075467432858368,1.08771896362
1.2467596492171127,1.5648180246399999
1.5155177503520914,0.667380988598
1.0424340581818237,1.2564899921400001
1.3154409722981746,1.09188604355
1.2183150034371213,0.737550973892
1.2059486963586445,0.6224380135540001
1.1875236868253893,0.8364729881290001
1.0374004089997293,0.577426016331
1.0344274579446593,1.0157610178
0.7236579011283938,1.10615897179
1.6171622997792996,0.6945540308949999
0.9251124850820533,1.13090395927
1.2488242662293498,0.951821982861
1.4854309857521277,0.752457022667
0.9990599425625626,0.558522999287
0.6120310507797877,1.4158363342299998
1.5539825619579015,1.8552980423
1.637585199360358,0.7845479846
1.0802961028755813,0.8210539817810001
1.2619834591106074,0.583589017391
1.1063107220761976,0.835972011089
1.1898896343357444,2.18466305733
1.701998326865617,0.680548012257
1.148511290447955,1.238904953
1.5009539019115925,1.03032803535
1.640871343485001,0.791410982609
1.330363769441001,0.842372000217
1.2913565629385786,0.446471005678
0.9476693765351968,0.558933794498
1.194387031738587,0.709932982922
1.152925226187347,0.7334340214730001
1.1195531647892727,0.7833399772640001
1.105887058809951,0.842680990696
1.267657157572184,1.09976100922
1.3304602587498888,0.8706315755840001
1.128000374823334,0.586246013641
1.4451944143668736,0.8863990306849999
1.260476171125118,1.0193990469
1.3414087767078708,0.849361002445
1.2440600668845883,1.0106669664399999
1.1317073224871765,1.33151602745
1.228211989168279,1.2150089740799999
1.6192377202048258,1.64559102058
1.7336897160864904,0.970878005028
1.3619183154268768,1.4112720489500001
1.5636134871578562,0.7953929901119999
1.0126006442150755,1.04633104801
1.4312249654889189,0.887933969498
1.5911842215353968,0.8349300026890001
1.1288070296822679,0.9847199916839999
1.611139396870519,1.09039402008
1.4080868080344848,0.490164995193
1.032626783147294,0.6141669750209999
1.1633880142105772,0.631474018097
1.31254332738868,0.825244009495
1.3028994804591048,1.05145096779
1.3176528122954325,1.0471149683
1.0950487992170095,0.39214301109300004
1.0421462849082255,0.46951499581300005
1.0006070548950792,0.772090017796
1.065329032921432,0.7520099878309999
1.2343395369038226,0.687739372253
1.1846105782066765,0.6718119978899999
1.0219813962563113,1.18593323231
1.0401170437787202,0.657198011875
1.0901856744995795,0.8213180303569999
1.273228117691696,0.7795739769939999
1.2007501362501636,1.03012299538
1.188355973311931,0.621188998222
1.0361177684611673,0.8660820126530001
1.1758221074116535,0.9608931541440001
1.0941503153451166,0.6760399937630001
0.9713176245621918,0.740238010883
0.962977389502858,0.598470985889
1.082497774954449,0.615105986595
1.2926560440919739,0.935873568058
0.9926159183671327,0.58182477951
0.9072198084428371,0.715665996075
0.9142711539304317,0.6529520154
1.1227756535081623,0.9700022935870001
1.4363653778141074,0.7834500074390001
1.1682585530351666,0.744813024998
1.0226217632832433,0.8276180028919999
0.99047631295677,0.8943400979039999
1.049769152141987,2.50501704216
2.2423022334274783,1.62071204185
1.3922647856090498,1.41758596897
1.3715160889762474,1.04987204075
1.4889701627625365,1.22650754452
1.5657360401217524,1.0431790351899999
1.4312450894940656,0.9694439768790001
1.6210105391424354,0.819225013256
1.3297109043477149,0.8129550218580001
0.7994021145210556,0.671208024025
1.1601799300427402,0.528989970684
1.0531815479199715,0.346193015575
0.8078701370130711,0.478949010372
1.0556386889483864,1.15381097794
1.1732663587580199,0.9671270251270002
1.3236315483087069,0.784583985806
1.4699852822229362,0.470185995102
0.7924023500361266,0.563278257847
1.357621310748969,0.241623997688
0.8856617560977788,0.270985990763
0.7939477677155782,0.199468001723
0.9761908112821953,0.132716998458
0.6821450441535714,0.4732620120049999
1.0071455559988822,0.6585559844969999
1.1757574987635508,0.9621880054470001
1.03951851349933,0.511197984219
0.7883229494033447,0.9829789996150001
1.4635566158209077,0.910009980202
1.2074887123314515,1.0265760421799999
1.2302158105018095,0.830938994884
1.0285172494647001,0.9651920199390001
1.2894453120287228,1.00054395199
1.2262271267659128,1.98318505287
1.7361429382296922,1.27485501766
1.4202479561762817,1.28652596474
1.5964381756159396,1.3822449445700002
0.9414530713453746,1.73692405224
1.7929471793889757,1.25766801834
1.4330661001282108,0.7533379793170001
1.4246843460687848,1.0849089622499999
1.4166263766605878,1.06249403954
1.4725085147208854,0.778762996197
1.62325944967549,0.825646996498
0.8991848227668341,0.989183008671
1.3094126676827493,1.41809201241
1.7946676759132039,1.15167796612
1.3698196353423788,1.25036406517
1.5214070934161876,0.879401981831
1.5291126809026838,1.0894230604200001
1.6915228289443993,1.8090629577599997
1.698221157015394,0.868739008904
0.7610493618491677,0.8521729707719999
1.4558097211659524,1.3078379631000001
0.6931362461856277,1.2625759840000002
1.3329210009160666,0.760155975819
1.2121462544489354,1.06988704205
1.2109332006018543,0.8579840064049999
0.9077704647731414,1.14932394028
1.3644334983227673,1.06714296341
0.7708674932548951,0.740061998367
1.2220652706699378,0.679988026619
1.2334223059323983,0.7323921322820001
1.221133635147461,0.835274994373
1.2066908484852923,0.600082993507
1.3133182075026453,1.0105639696100002
1.1504336625185498,0.761397004128
1.193472872325843,0.726006984711
1.0502955537502987,1.06432402134
1.3941797435724852,0.5901079773899999
1.3231627649046047,0.774465978146
1.5170017368579372,0.7406870126719999
1.0925106325889251,0.8908360004429999
0.9446824445923405,0.7620100975040001
1.412408385181835,0.777450025082
1.1576895314479252,0.581107020378
0.8586329399956758,0.7908779978749999
1.1468126125819387,0.890371978283
1.4987383548607551,0.788205981255
1.1938900747272794,0.730194985867
1.1924586224664482,0.9248933196069999
1.530497530204228,1.26558697224
1.1645184537207403,0.7884140014650001
1.03753100320155,0.91806101799
1.1458930514625503,0.656926989555
1.0063968370916074,0.825268030167
1.2199761871040748,0.42572298645999995
1.2856740734642271,0.9114630222319999
1.1435035906409183,0.7238519787790001
1.1018455230815898,0.9657319784160001
1.0465372369154236,0.719420015812
1.0653116627275159,0.714648008347
1.1279004962083163,0.618879973888
0.9060603479989363,0.850296974182
0.767944322633609,0.611301481724
0.9553051654985788,0.840580999851
1.1774885868694351,0.590990006924
1.383475997066577,1.1918078661
1.3674543233269232,1.07247805595
1.637157934956348,0.7976800203319999
0.862861576013993,0.714037001133
1.1585240421666148,0.8885610103610001
1.326760831109022,0.736729025841
1.349698172175255,0.9655410051350001
1.1604087082065133,0.856945991516
1.2190573673954024,0.583833992481
1.0798702153771866,3.0475621223400005
1.8878759246354568,0.8865389823909999
0.8329365978238273,1.1864609718299999
1.5369833911471997,0.87507301569
1.3121003874438188,1.11197304726
1.5363706681483904,0.692927002907
1.113043896450841,0.563274979591
0.9818663103126536,0.551968991756
0.908336478896847,0.921135008335
1.127747871516651,0.546503007412
1.3893013669774703,0.9997850060460001
1.1091711905340793,0.75122398138
0.9170022991762915,0.840256989002
1.473831615101374,0.784314990044
1.2636091609790128,0.591548025608
0.9963973248500182,0.610984027386
1.1962353686534049,0.9328789711000001
1.4907544206083347,0.799202024937
1.267657157572184,0.983354985714
1.253817349653701,0.54052901268
0.8735102992531972,1.0936700105700001
1.5790653338044083,0.926633000374
1.2873853553124144,0.797241985798
1.1588700691393217,0.589605987072
1.1292214782724737,0.7799540162090001
1.0067034633805536,0.518279016018
1.2646418401904893,0.7263879776000001
1.1770276412357588,0.621636688709
1.391701948959841,0.881067991257
1.5391952311444574,0.731501698494
1.078300648891559,0.970385015011
1.137573681819079,0.871535003185
1.2168466924721266,0.5505740046500001
0.9343039655590935,0.257629990578
0.8230010587354413,0.6952109932899999
1.115487162507286,0.35474300384499996
0.8289175162485773,1.30835092068
1.4874288757999308,1.42471003532
1.4671972601835828,2.4222431182900004
2.1463766085155185,1.58809316158
1.4073851157497637,2.8828899860400004
2.378366563510189,1.51081001759
1.7456043981231482,0.5103110075
1.348053299544052,0.663749992847
1.2078298671765968,0.586565971375
0.9082141461287183,0.9182999730109999
1.2689234870749957,1.1263630390200001
1.2923780150734994,0.9455379843709999
1.1267894392925841,0.7979699969290001
1.1694646164383546,0.88952600956
1.2944954840782008,0.501745998859
0.895932042124408,0.788908004761
1.24437453094396,0.557146012783
0.8795557622309055,0.8079270124439999
1.186123161982994,0.7382910251620001
0.960202077361492,0.6742079854009999
0.9383666844507669,0.878771364689
1.2568796936579492,0.7401880025859999
1.1530358022998375,0.8886500000949998
0.6734352688102537,0.798327028751
1.351005491099076,0.513779997826
0.8418719738564213,0.776037275791
0.9282864643569575,0.852828025818
1.4838166168760942,0.785162985325
1.193946951520773,0.8431609869
1.074576860612883,1.02479887009
1.0366399334368164,0.8044279813770001
0.97819728051114,0.8841310143469999
1.2579689319154697,0.36156499385799995
0.7459583703896414,1.1714910268799998
1.1522559441424938,0.44779101014100003
1.0397344758492992,0.766573011875
1.1841050420142276,0.773559987545
1.3033745128963838,1.05482304096
1.3486115818131486,0.784330010414
1.1729945787727227,1.0342509746600002
1.2278660681113884,1.09697902203
1.3589181440069502,0.7633029818529999
0.9454283037725679,0.5883730053899999
1.0961127235943717,0.636563003063
1.360801115393784,0.575070023537
1.1572032719340903,0.539964020252
0.9978244345623705,1.32467114925
1.4716187159459506,0.817846000195
1.1608580031003681,0.635960996151
0.9099173783748469,0.813592016697
1.4476519790585545,0.987214028835
1.3204601110134,0.983928978443
0.8165820836306282,0.590479016304
1.3251463563171721,0.898679018021
1.2371610283412093,0.626800000668
0.9912003534787858,0.692685008049
1.0407440654127653,0.575704991817
1.1242675837002503,0.676468014717
1.303739392884439,0.827947020531
0.9312652407819385,0.654785990715
1.0658004642209482,1.0858155489
1.355497698626907,0.8509550094600001
1.1776520149743899,0.887935996056
1.0734474802608858,0.6557850241659999
0.9318788111072804,0.659780979156
1.4513669763244559,0.885627985001
1.2596455792916412,0.750299990177
1.1527428391512278,0.930316030979
1.2662944446763014,0.7259460091590001
1.3548688764239802,0.7123904824259999
0.9400878164698944,0.9326570034029998
1.3009660931435876,0.654497027397
1.0799241265278166,0.498726993799
1.3196876669632156,0.9782410264020002
1.4158462007557944,0.559324026108
1.0435397133909112,0.8733990192409999
0.5753231177811946,0.6232500076290001
0.9216092135334588,0.631924986839
0.9581291989155631,0.833535015583
1.0612011758025732,0.861343026161
1.018370302406457,1.03601300716
1.2398468416175807,0.6160370111469999
1.0830367805449315,0.987452983856
1.4819140510631967,0.668673992157
1.1228916313272974,0.645533978939
1.4675360848807637,1.00703001022
1.4943375526826168,0.7763000130650001
1.025609330720999,0.9358490109440001
1.107348273415236,0.6626719832419999
1.2088943211330418,1.11335194111
1.165318118135781,0.54953199625
1.0951572570131687,0.927363276482
1.1410445431278056,0.821533024311
1.1612943762646022,0.919354021549
1.5273399678808908,0.6899859905239999
1.4331314501870294,0.649773895741
1.1539444540901203,0.970504999161
1.3279296121447803,0.8034440279009999
1.256406144042102,0.8920990228650001
1.2165085032698453,0.746227025986
1.2826002905517904,1.4954074621200002
0.7437869902343102,0.7597569823270001
1.2166195030456017,0.967728018761
1.5607796035699315,1.12601101398
1.2400170483347954,0.764141976833
1.431485200650211,1.42381894588
1.478231993616246,0.830919027328
1.2516333655161989,0.531687021255
1.0218989937510263,0.694292008877
1.1981057360580678,1.09710001945
1.385760813061446,0.86237102747
1.2630645418502526,0.971195995808
1.5204912393503787,0.750190496445
1.0337268248181035,0.565989017487
0.9186233407487682,0.7235890030859999
0.9663096070077054,1.0888769626600001
1.2839529414450996,0.261454999447
1.1818865293205263,0.192316800356
0.8680855559184488,0.204839006066
0.560464399707388,0.375299990177
1.1989469194732008,0.18789100647
0.8254058773504744,0.417883992195
1.2055639041970758,0.612834990025
0.9666629421717552,0.48221001029
0.8064627276425994,0.813664972782
0.8647295603127834,0.899798989296
1.1928531588831404,0.766745984554
0.997174535111948,0.6762999892229999
1.1493514147049224,0.9804093837740001
1.2785065383258645,1.07553303242
1.3481925788428306,0.645973980427
1.4942715671288989,0.76016998291
1.4403904965909013,0.8707180023190001
1.3111465095998642,1.04555702209
0.9714817940778625,0.483233988285
0.9600101579018823,1.08598899841
1.3304652367932672,0.7320979833600001
1.0063483276476224,0.712899029255
1.212174639887774,1.0453890562100001
1.2842364780860354,0.735920011997
0.8215859175103605,0.8956930041310001
0.928043493473765,0.874550998211
1.0918482350721483,0.923747003078
1.116484465836031,0.9997780323030001
1.3343788262152216,1.73953402042
1.4550205424167513,0.810788989067
1.1153011743334036,0.7049050331119999
1.1866694757648193,0.832826972008
1.268494951681187,0.827660024166
1.2400866350262765,0.8953109979629998
0.7754210260405154,1.45950102806
1.4708923452759706,1.17951905727
1.4137253424449632,1.4434119463
1.291813166023776,1.30673503876
1.1446937666716221,0.763499975204
1.1670750497009064,1.1451480388600002
1.4388697572967086,0.725345015526
1.1635462524405205,0.76335901022
1.2937116011198277,0.61748200655
0.9750292325219633,1.02932298183
1.2538411807124274,1.30205595493
1.4488507342703998,3.16412496567
2.5646991756279776,0.9734439849850001
1.379210237554555,1.2296710014299999
1.6124244734728619,0.744153022766
1.135819292233551,1.0630340576200001
1.3795455670297894,1.1238720417
1.5543433112291107,0.898477017879
1.1379842115240721,0.7175139784810001
1.2076923884466997,0.536750972271
1.035402518951926,1.17544305325
1.4886588761776618,1.10104894638
1.1484158602972332,0.573449015617
0.7539376973040413,1.4311449527700002
1.5706549824745104,1.0377949476200001
1.2249804976049818,0.656862020493
1.4800991835464121,1.0749080181100001
1.2368949678100065,1.3859720230099999
1.4395485717650525,1.0048049688299998
1.4153764641093434,1.6095399856600001
1.7311480542364595,2.8175759315499995
1.7151880235020445,1.96256256104
1.6955232693359346,1.27975201607
1.720249422628078,1.9953299760799998
2.0511199479009625,2.03338599205
1.001988408974677,1.3074439764
0.9052384412624176,1.61125802994
1.6252570219758433,2.04021811485
1.9992944915307944,2.18324494362
2.1662737419831646,1.35141599178
1.5392671479839029,0.7242180109020001
1.730300727703966,1.3633890152
1.5774684410381075,1.52680897713
1.9211258650970355,1.7840195894199997
1.8441886159466228,1.10359704494
1.7097563426813112,1.76300799847
1.8230118075832782,1.15754902363
1.5939188620032032,1.15332603455
1.399183100831043,2.3628110885599996
2.1659714582426974,2.58078789711
2.2231344362726757,1.24214696884
1.6498740819769282,1.7128210067700003
1.8252565873994866,0.6676509976389999
1.1526614958041086,0.8271329998970001
1.5009744495800055,0.9642647504809999
0.8140504837831707,1.3941617012
1.6221827094843237,0.758404970169
0.8636308955475889,0.690075993538
1.1454315762497909,0.674024999142
1.4471793826850563,0.861522018909
1.1995593247245604,0.790746986866
1.08159886741929,0.728500008583
1.1525631000105228,0.24119800329199997
0.8953670871588679,0.335460007191
0.9398389143009743,0.591246008873
1.0350439939128648,1.0584269762
1.3474225708564271,0.766991972923
1.376120567269634,0.588123977184
0.844047802476048,0.5922303199769999
1.0232063126748474,0.875351011753
1.0744138561711947,0.7038279771799999
1.1607027305132886,0.567749977112
1.008132691409237,0.713387012482
1.1760104257335002,1.07750594616
1.320781035937582,0.690941989422
1.086429370065219,0.772458016872
1.2061119126319662,0.7237120270730001
1.431380555823448,0.9752489924429999
1.183263540851645,0.9151769876479999
1.1440077499277521,0.757400989532
1.1579694669510976,0.691206991673
1.2886993469326788,1.1835279464700001
1.217560882823202,0.7705749869349999
1.1553272909911496,0.8947700262069999
1.157314059878214,0.614335000515
1.0089514206712589,0.769231975079
1.4990670116395461,0.907074987888
1.075249849711316,0.40680998563799997
0.8812981303712536,0.513888001442
0.886659324216065,0.24814699590199998
0.6766188334665568,0.256875991821
0.7848061206302304,0.598065972328
1.0142759146856317,0.598169982433
1.0469853667352962,0.880114018917
1.0597708886157242,1.08564901352
0.9941870735900089,0.9920129776000002
1.1084343341982597,0.8743849992749999
1.2179914306175255,0.8770260214810001
1.2920643983406603,1.008928895
0.6144023470388791,0.808875977993
1.1050525480912614,0.6714209914210001
1.470219462093354,0.744962990284
1.2322522539068412,0.694267988205
1.4184187900242613,1.00188601017
1.3047696360321346,0.793558001518
1.2264972120981452,0.845004916191
1.2703374632260942,0.803124010563
0.9729391957137514,0.5744469761850001
1.1202170451274815,0.567972004414
1.1497540007236735,0.453808009624
1.0767348953753275,0.8494881391529999
1.2276385609374139,0.40645998716399995
0.9348384167694638,0.24535199999799998
0.8464555337760368,2.32321810722
1.7969419003264167,2.02711558342
1.6564629990094146,1.5811179876299999
1.708669434571755,1.72704994678
1.8478314845414456,1.15064203739
1.4397739606226958,1.6079339981099998
1.603549257624075,1.33123397827
0.9584046859544402,1.22164201736
1.4543988165735342,1.58354198933
1.6382686741246306,1.60866212845
1.7567422935611425,2.18565392494
1.8841322241832672,2.98955988884
2.623601291365899,0.75744998455
1.390017675644877,1.8113440275200001
1.9292650719365352,1.5279519558
1.515578757862431,0.889223575592
