predict,actual
1.2020239857759512,0.623775005341
1.2427976562669896,0.691469013691
1.2556629327572886,0.8557710051540001
1.2687534921894141,0.709383010864
0.9677649962430797,1.01454794407
1.110533903429962,1.1157310009
0.9944770710957548,0.41828301549
0.7607538037630523,1.00228095055
1.0071086972947187,1.21886098385
0.9820829081575222,1.14329600334
1.7537163845977914,0.652818977833
1.582999364978959,0.6746559739110001
1.3215524208296008,0.6009536385540001
1.0722526439342532,0.6694570183749999
0.9887987123382493,0.653807997704
1.078742106014988,0.781412005424
1.5522274309616577,1.20630395412
1.1745371367251272,0.846925973892
1.0747737581158712,0.82864099741
1.4395453942905556,0.648239016533
1.1192557531763676,0.56237000227
0.7857200682113412,0.718330979347
0.9990654501850238,1.09964799881
1.5545402087320987,0.954171001911
1.20106322340392,0.729013979435
1.4086385235229548,0.669449985027
1.1980849765580217,0.863121986389
1.0625867665148332,0.646466016769
0.7410640534642339,0.822318017483
1.4943418952310958,0.9235979914670001
1.229564957809038,0.8300920128820001
1.2594028202400818,1.06731402874
1.1207546738123486,1.54617500305
0.9660690721882939,0.682727992535
0.7696615357675237,0.6385620236399999
0.9554133055472883,0.6464239954950001
0.7083279635867042,0.688109397888
1.0955931005983202,0.727398991585
0.8087645960839346,0.650035023689
1.5834317133421638,0.869369029999
0.9817401645751286,0.44085800647699996
1.3497250747926617,0.451860994101
0.908428307909806,0.757507026196
1.1618554123449296,0.495238989592
1.0384073506677813,0.685087025166
1.3715314467696489,0.724381327629
0.8245835999085978,0.8653740286830001
0.762139129685771,0.740046977997
1.4458485504499585,0.807075977325
1.8550780328789633,0.8204330205920001
2.4165066372224207,1.11441195011
0.8240319373780362,1.1086050272
0.8731233887752974,0.475149989128
1.096830091419944,1.0392680168200001
1.0933164401213264,0.9457899928090001
1.2358710796113046,0.787750005722
1.2981245836168707,0.350454986095
1.064962458280312,0.9367713332179999
1.4153363220148665,0.986805975437
1.1488927992192104,0.647023975849
0.921733135038836,1.02977705002
0.9439000444553993,1.1874469518700002
0.9549874180488938,0.9328820109370001
2.137731124072854,0.7528370022769999
0.7675154694923507,0.642004013062
1.3924564932370265,0.23073400556999996
1.522329832010073,0.47149971127499996
0.9707133748287075,0.8772729635240001
1.1758053727126367,0.787630975246
1.1121327026809606,0.27422198653200003
0.6821005595106154,0.39922699332199996
1.0835607460894623,0.992351233959
0.9932705840293006,0.7627239823340001
0.8848620387248297,0.7200859785079999
0.8685748869909639,0.626478016376
1.1545058079178971,0.726989030838
1.1662044216887693,0.9301019906999998
1.2128593856418453,0.687269985676
0.7593153610583281,0.866255283356
1.5300541665961007,0.835203826427
0.8048673176977307,0.940249979496
2.0420825749370195,1.0233579873999998
0.9198645682030546,0.732262969017
1.3402105510751083,0.930074989796
1.4028281936580136,0.8702930212019999
1.117398837080408,0.510402023792
0.9301728250499213,1.0258179903
1.2142678541704826,0.455123990774
1.139134457291932,0.734534978867
1.0985892472172172,0.7012919783589999
0.9685541749922808,1.01438605785
0.7993645144061762,1.1237702369700002
1.0794073632588121,0.48253700137100003
1.1996552844543653,0.46893200278299996
1.529331608895517,0.875519692898
1.0784863193179917,1.1454249620399999
1.0832920376628452,1.9437874555599997
1.263125337528959,1.5570390224500001
1.432107667904144,2.10477590561
1.2614668017574195,1.06224000454
1.2249562428829892,0.786782979965
1.2556359242240653,2.24797105789
1.7465888856380891,0.5664669871329999
0.9404279121568739,0.8389729857439999
0.986094787457246,0.31881898641600004
0.8504873782071823,0.638668000698
1.1715356943154018,0.754026651382
1.2507445199836131,1.08582603931
1.0942757196719257,0.601429998875
1.0922474317847695,0.6923220157619999
1.3803761588632661,0.878243982792
0.6915128744651867,1.27922403812
1.2565859890986235,0.725166976452
1.4663420958806637,0.428310990334
1.3558837617782744,0.701224982738
1.1729739251884932,0.8846225738529999
0.9228399553219057,0.7809653878210001
1.0256423764557663,0.92597001791
1.1034499358708663,0.917864024639
1.0469705385209775,0.90730202198
1.2292724183236947,0.409945011139
1.4968555953055545,0.87414598465
1.1453881507650006,1.2313439845999998
1.0076012058417305,0.7683960199359999
1.3383149757061037,0.9357339143749999
0.9955477740853769,0.752327024937
1.5112633238324413,0.624783992767
0.810157600903354,1.9779472351099998
0.7668673176529015,2.47647929192
1.277085253983423,0.682259976864
0.7128115389754855,1.29407799244
1.1557478826987162,2.1165060997
1.1823439797322564,2.03023004532
1.1232078959555505,1.72759306431
1.097859063577841,1.32161903381
1.0500038615914877,1.11427497864
0.855699071876917,1.6184829473500002
1.0534104319995614,1.10235404968
1.0693674970911127,0.850126981735
1.0757129136613237,0.653181314468
1.6553579792952264,0.616827607155
0.7042034957739755,1.02320480347
1.1027102198079994,1.17678105831
1.003892775356456,1.10875403881
0.7930848186001418,0.983811020851
0.9439926148790743,1.82992756367
1.264923470346727,1.34213101864
0.7124205507386481,1.26566958427
1.4085620523033973,0.793037712574
1.1882510107377184,1.0306893587100001
0.8363942726133919,0.821023225784
0.9760508964885173,1.0991692543
1.1141627911369987,0.525535523891
0.8197223287179576,0.775839388371
0.8609786046271594,0.720975995064
0.9612195046953836,0.8666771054269999
0.7181837480652193,0.846204102039
1.326549105391715,0.7614132165909999
1.1298949969499894,0.658724606037
1.1278562233969935,1.07865929604
1.23280831194379,1.2819403409999999
0.7621929349205844,0.660000503063
1.0351573238365859,1.1125005483600001
1.1232158396417926,0.628070473671
1.6045089608379406,0.686457574368
0.7779799521686459,0.900040984154
2.0205734027413045,0.734256923199
1.3267449437365377,1.0111212730399999
1.0894485004163101,0.882759988308
0.8386379403135266,0.7521411776540001
1.533509881943059,0.9489411115649998
0.7938731500228104,0.6799052953720001
0.9578665276904902,0.721156597137
1.1131163428693691,0.6504104733470001
1.3554837177391208,0.716710627079
1.2626519997447447,0.9056316018100002
0.9893756357910609,0.6526464819910001
0.9577821127846905,0.7056654095649999
1.1313227421572412,0.658105790615
0.9451118273126816,0.659279406071
2.1214196646590873,0.663406431675
0.9119100785476385,0.7808002829549999
1.0695110130225538,0.756590723991
1.260491423002703,0.9280405640600001
2.30468770854048,0.707382977009
1.4642610619168595,0.38883998990099994
1.0141604664455794,0.342241793871
1.5208066566520995,0.23373000323799997
1.3865756234382551,0.145912706852
1.0883372316689448,0.394953489304
1.4859536803068596,0.967840969563
1.3350902627550665,0.783922016621
1.047343997690174,0.8333759903910001
1.3874100282411281,0.9723259806630001
1.7375958914012855,0.6905210018160001
0.9922445775142674,1.3453240394600001
1.2605537015028412,0.7227010130879999
1.2931643340956533,0.6804850101469999
1.6898561376549845,0.7610610127449999
1.346617186987292,0.8075709939
1.349762674907541,0.588663995266
1.427053153306187,0.9960750937459999
1.6884048791364563,1.0454139709499999
1.360521285806428,0.47130599618
2.403521993606857,1.04714095592
1.2882910414598334,1.12621426582
0.6304903770376089,2.5604617595700003
0.7672840963910718,0.7747610211370001
0.9192278023138858,0.717206001282
0.8575433310327975,0.800508022308
1.618438055789785,0.568039000034
0.8620693786640199,1.19578003883
1.130662568872612,0.797044992447
1.0485702910143253,0.48993599414800004
1.2167266898519622,0.9918130040169999
1.2332064494982455,0.744569003582
0.8627311406858974,0.6096370220180001
1.6729532443215374,0.856591999531
0.8768996583410796,0.814429998398
1.5594012151331977,0.760592997074
1.1612933171064366,0.915751993656
1.4121388294286856,0.742163479328
1.2693647323667916,0.732936024666
1.5986716224397761,0.8745691180230001
0.9692330953764412,0.9644910097120002
1.1929283591128992,1.4776719808599998
1.1479844651763773,0.6752679944040001
1.6340736663780717,0.5030400156970001
0.9260792846556285,0.706665992737
1.0844241718260732,2.9681959152200004
1.0603971688390534,1.2553009986900001
1.0935256238590358,4.08481502533
1.0420253290457122,1.6923229694400002
0.6107923653050987,0.412105202675
0.9817309498990877,1.03575098515
1.8618596107817753,0.640892028809
1.3769603737791516,0.706547021866
1.6508027518565411,1.06083035469
0.9698316256558314,1.88095402718
1.0123651933548588,1.88637399673
1.5403743919302388,1.32877397537
1.062333627713251,0.39318400621399996
0.9055853155616571,0.6382430195809999
1.5292825698724488,1.04553198814
1.1373265802190407,0.658802986145
1.3300626507745161,0.80467402935
0.8454631025748537,0.8740410208700001
1.5780616755266696,0.853255033493
1.4760115744378468,0.8952109813689999
1.5053003692758347,0.730158984661
0.9705487816497705,0.414941012859
1.3261884620363227,0.270094007254
1.652141527777881,0.49113199114799994
1.3427900248716518,0.507916986942
0.8216912507899311,1.22402000427
0.8019486484986483,1.2676579952200002
1.449518321662188,2.6334879398299997
1.3277339856315908,3.99961543083
1.358038089487139,6.65141820908
1.39708723865292,2.10267806053
0.8936029533182164,1.28368997574
1.9097225446227375,1.29134750366
0.9810094513566695,1.3537540435799997
0.9891893298697289,2.39019107819
0.8961888879795701,1.46144104004
0.7036389644717016,1.599208951
1.5318400131791474,1.4711509943
1.0106512636112575,1.29820501804
1.204315792214713,1.57962203026
1.8692959602625718,1.3603550195700003
0.7910320112014514,0.803641021252
1.0922259308740074,0.427668988705
1.1662976276073436,0.269407004118
1.119987843300442,0.389717012644
1.513377615362646,0.417917013168
1.2608340606692798,1.54603600502
0.9446962136484935,1.01761102676
0.9848120410028673,0.865315020084
1.0132868727905786,0.619410991669
0.7703591502933074,0.845414996147
1.017740315129548,0.804859638214
0.8510860144023891,1.4358890056600002
1.3803497858249423,2.56575202942
1.5126071837129762,6.206179142000001
1.218849136900042,0.9309499859810002
0.8587705246413895,0.907775998116
1.7739649467447896,0.460979789495
0.958180462170779,0.5264570117
0.9046589758300085,0.794224977493
1.445777375021229,0.9704009890559998
1.022484390469163,0.669588983059
1.7650005497784576,0.6997730135920001
1.351873047552533,0.6903669834139999
1.1771156572793215,0.63616001606
0.8887420528329341,0.9726700186730001
1.1891479058723629,0.639338970184
0.7798015982976904,0.512377977371
1.1947886645149888,0.569913029671
1.1762940682902525,0.83180898428
1.2333761266363774,0.46941101551100006
1.2335043906902337,0.9054309725759999
0.9178182746270828,0.848275005817
1.1056995878146367,0.656663000584
0.6873603919189774,0.63240557909
1.4365884365237864,0.326855003834
0.9394303969964959,0.304740995169
1.3795882511038637,0.21594800055
1.5654077010904113,0.214847996831
1.062416242050169,0.151231005788
1.2308200602352941,0.415333837271
1.2694180080225221,0.734420001507
1.4020350960235997,0.9913370013239999
0.7240692781599194,0.791000008583
1.2009690642429967,0.742917001247
1.1040743096094976,0.74265486002
0.9376288748725982,0.8799139857289999
1.332028236498268,0.73768299818
1.6298282427028294,1.24034297466
0.7259040048923093,0.8343409895899999
1.8366097037767344,0.305472999811
1.0814517503500858,0.892946004868
1.1023685353837716,1.28586602211
1.2299011346108049,0.41464000940300005
1.1895193526410446,1.09013700485
1.386555605348925,0.592383027077
0.9208446072537,0.377326011658
1.0806461546493176,2.6935973167400005
1.662711608523288,2.2886660099
1.3458807543147386,0.895527005196
1.6861127549502448,0.8070570230480001
1.1002441818509936,1.19486296177
1.1954665257409836,0.8929409980769998
1.0011924516132158,0.977608025074
1.2015280879228092,1.8325070142700004
0.7223784910222368,1.4037929773299997
1.201483179616587,0.7223749756810001
1.1950135237935493,0.6599410176280001
1.131870115097232,0.740734994411
1.028203420900228,0.555365979671
0.9221388985320839,1.2367689609499999
1.5038272920990947,0.6214020252229999
0.9168379178289877,0.710873007774
1.0086603640073475,0.30647799372699996
0.6015847856239411,0.6473349928859999
1.204283170143212,0.545826971531
0.9360151414914641,1.02424776554
1.0568951682802576,0.8176820278170001
1.052089449935404,0.7440620064740001
0.9699621139418354,0.736715018749
0.8553077658926298,0.576856017113
0.7760386741247949,0.9152600169179999
1.0851076465903458,1.13702905178
1.3344985110879364,0.49600800871799994
1.6451401745557035,0.49413600564
1.2258534557650833,0.8834533095360001
1.8136439772716628,1.27152490616
0.8348113077769692,0.886436998844
1.1870273653089811,0.898828029633
1.5672031860127649,0.9049779772759999
2.0544473991940646,0.829931974411
1.2443155358341351,0.8756300210950001
1.5464688939310152,0.550292015076
0.8681026613228235,1.07391941547
1.3160043385264664,0.849192023277
1.1092647142001033,0.6393229961399999
1.682211028099745,0.7995309829709999
0.994960788629992,0.9646000266079999
1.1580880926656467,0.841355979443
1.0861916949728547,0.701144993305
0.7909847727472649,0.72400701046
0.9789648524337625,1.01030802727
0.7151230457561278,0.65380603075
1.3096955688287857,0.793285012245
1.227537093585148,0.6538396477699999
0.95649110489662,1.1607899665799999
1.6601659218722278,0.808578968048
1.4406959578058653,0.374377012253
1.0085776437546128,0.25569999218
1.1995919467960614,0.489315003157
1.3611584753588633,1.1518440246600001
1.3200502168033064,0.737277984619
0.9596526920209866,1.08875095844
1.5885830349964583,1.9758529663099995
0.9092304083886277,0.8547700047490001
0.911529840766182,0.7977370023729999
0.9797032975068307,1.0524289608
1.10658758602069,3.17945098877
1.2629828807556835,1.79706799984
1.0795250357310122,1.05670201778
1.6477314050078853,0.875126004219
1.735036012030806,0.664539992809
1.1970670196450472,0.757168412209
1.060666724592203,1.36848402023
1.2447943812408104,0.9052469730380001
0.8704529862502357,1.0320609808
1.2848025981255575,0.614133000374
1.314383932448889,0.9733130335810001
0.999075300355964,0.645228981972
0.8337107365270767,0.48943901062000006
0.7751131817196788,0.8408679962160001
1.1128305819962856,0.7771940231319999
1.313032870292828,0.675535023212
1.0880166244922127,0.659205973148
1.1450981532592546,1.08415305614
1.1132313674461551,0.9314100146289999
1.1873032760111244,1.3594796657600001
1.2112327305310908,0.763398826122
1.3457415809317765,0.535733997822
0.9609104423426567,0.6781889796259999
1.7477644452861072,0.7839810252189999
0.8063654969229958,1.16936767101
0.7967505120534337,1.01528799534
1.354814329778451,0.925943017006
1.1186625186878056,1.31924402714
1.575908512891787,0.9717460274700002
1.4410174123091302,1.1762996912
1.0986854187786552,1.71460902691
0.9055135046380283,1.30733704567
1.3141997448438882,0.6186890006069999
1.0371849762288428,2.2984359264400003
1.1630863659650095,1.80824100971
0.7936730750453255,0.879414975643
0.8711442987849339,1.57094502449
1.2376191142478388,1.5785160064700001
1.3523508338010426,0.620030999184
0.7015296509848755,0.9928810000419999
1.5757828967333447,0.455186992884
0.9745576953066306,1.0173989534399999
1.2177343729307302,0.8378469944
1.1000080954958775,0.488476991653
0.7473308275406478,1.2463409900700002
1.079597270317907,1.20963096619
1.2365232032938749,1.2524510622
1.3620817435318315,1.51972699165
1.6173480761215488,1.06379795074
1.0653941711486175,1.57149505615
1.6576256369278122,1.27810502052
0.8259812120660376,1.19207799435
0.8022811712047438,0.830443918705
1.077126466149156,1.40201568604
1.9702131857774507,1.156504035
0.988178998895547,1.1625548601200002
1.253072125968373,0.60075199604
0.6867869636881123,1.25383579731
1.1583196246406506,1.79184401035
1.4309976701465776,1.73406255245
1.5573733509093075,4.93997097015
1.335322853888236,2.39435100555
1.0507397646849583,2.2125759124799997
1.0337993771524483,1.88652706146
1.4728912944819392,0.9343829751010001
1.3286135105723191,0.909982979298
0.953453862940897,0.8112999796870001
0.9398833989439302,1.04970896244
0.968266825381949,1.35178804398
1.223156733159606,1.27730596066
0.9965744160953094,0.7854449748989999
1.2334307791977233,0.48462298512500007
0.8938563039514319,0.6676359772680001
0.7869125743900093,0.832251012325
1.2244877772263367,0.5959370136259999
0.8661792300940632,0.341089010239
0.9861844981538737,0.686011016369
1.653515785497769,0.8153510093690001
1.3766828743397599,0.39854300022100003
0.7884018037287749,0.699815988541
1.1291716978386896,0.42636901140199995
1.078710225354203,0.686613976955
1.2360820639178955,0.182677000761
1.0665342489980876,0.701882481575
1.3640515658882457,1.7966820001599997
1.605946662131949,0.720426976681
0.8542515733698766,0.46806401014300003
1.5639342002504049,0.6408870220180001
0.9513265437652554,0.7520520091060001
1.7933382205837216,1.00181758404
1.0835941095716792,1.6608040332799998
1.003018969869822,1.45059502125
1.716655169393057,1.0850100517299999
0.9832871709918286,1.09955501556
1.8504850994095823,0.769418001175
1.3546264351198705,1.25443041325
0.9439302304631194,1.49632096291
1.3219081920574316,0.718636989594
0.825392214210138,0.890201985836
0.8665163601381791,0.989175975323
1.1361164920148232,2.84901452065
2.093274866555782,4.28107500076
1.4438107301393115,1.24873900414
1.051418685069119,0.70965898037
1.2341167959415933,0.7497439980509999
1.1469443718577415,0.8907449841499999
1.2094060004428513,1.46952795982
2.1626789591690607,1.60888803005
1.9882557332971018,1.04346096516
0.9911015340219337,1.18475103378
1.340260437424709,0.506372511387
1.2353067601406638,0.694615602493
1.5642214439449202,0.929911017418
1.1618375125719307,0.775462985039
1.334554434639081,0.856469631195
0.8809354216574381,0.926900982857
0.9022111553934513,0.7506660223010001
0.7867967024866908,0.9248849749570002
1.1025277268560636,1.07016265392
1.3766496167733595,0.8752880096439999
0.7056549131662286,0.7511039972310001
1.530286334066004,0.8627579808239999
1.3464660451170585,0.509657025337
1.737036867721473,0.8495249748229999
1.7687816385138935,0.671136975288
0.7821691345452939,0.613218009472
1.4786030167216617,0.381054997444
1.1625209873362032,0.871042013168
1.100821105303805,0.654031991959
0.8750481439517648,0.9089673757549999
1.319028129173486,0.9709029793739999
0.9082096976644227,0.9856920242310001
0.7075919016195088,1.35625624657
1.2373495584946892,1.30987298489
1.3576160149581409,0.634491980076
0.8503595907745007,0.593350827694
0.8415549148595438,0.879638016224
0.9161577264550286,1.13183641434
0.8868393811042199,1.84127402306
1.4049430147673008,2.26174592972
1.139574749341379,2.5979759693099997
0.954560365476517,2.3991920948
1.84267126595856,1.98229801655
1.0121183035864536,2.2695479393
1.8135503476898223,2.0178899765000002
1.2910196447260958,1.45226204395
1.120741540251095,1.34279799461
1.2357125236339117,1.3119150400200001
0.9814227348728932,1.2767620086700002
1.3502975497811776,1.2752670049700001
0.9879845374563396,1.2104460001000001
1.5424053277128094,0.815348029137
0.9133569945176878,0.72711199522
1.2001907948229014,0.604301989079
1.0917530167530594,0.9830358624459999
1.143669454809654,1.10152900219
0.8935043456929974,1.1837249994299999
1.0663462484236905,0.435640007257
1.4995148237119689,0.327004015446
0.8329608525458199,0.803984999657
0.9587363083760948,0.421685993671
0.9729188598769716,0.573455989361
0.9651561837653486,0.39594578743000003
1.0604527746427483,0.416375011206
0.9615376758083349,0.560397028923
0.8894649282809677,0.774905025959
0.9573076099264941,0.637084007263
0.9761840326699354,0.383926004171
0.8537217294975268,0.564873993397
1.5307883750365063,1.05471503735
0.9775034259968444,0.6537709832190001
1.162539416688285,0.593102991581
1.0368737955597847,1.02260899544
0.9832428981805058,0.8359869718549999
0.7823273198173287,0.637534022331
1.0022012997659657,0.9755985140799999
1.0965936873173783,0.48980799317400003
1.0072997694277959,1.0986479520799999
1.7575897260094526,1.1511659622200001
2.0674540732994733,0.8061249852179999
2.237701250356038,0.47447699308399993
0.9583920819722693,0.789602994919
1.2912662167470514,0.476253002882
0.829350394190865,0.545522987843
1.3228405689906242,0.6212809681889999
1.2856686717575825,0.7707700133319999
1.1564440673609762,0.933706998825
1.5044822755087122,0.8110550045970001
1.2365342185387973,0.600552976131
1.4254777614506484,1.00252103806
1.063707567685689,0.8921650052069998
1.2895019769905833,0.9160850048070001
1.1813731553576519,0.741342008114
1.6491204909420918,0.9283249974250001
1.0869444386811586,0.642940998077
1.0101230614340644,0.9950090050700001
0.958723704393924,0.627136588097
0.9650036649894997,1.0386890173
1.1661298569539098,0.6888009905820001
0.9829291755318501,0.5214130282399999
1.0146241658904867,0.651027023792
1.205992545506701,1.1597019434
2.0693804701710974,0.645640015602
0.8580686734829434,1.19586265087
1.719985268581573,1.30470395088
0.8109469914841883,0.8844429850579999
0.8761638082055173,0.7697709798810001
0.852783474236515,0.770210027695
1.5022579374451002,0.641828000546
0.6913151825935743,0.893715977669
0.9454731061629735,0.5247250199319999
1.0714713029554777,0.514221012592
1.6822810384544924,0.717274844646
0.8703740789668973,0.641076982021
0.9924770627316204,0.4689820110800001
1.5752358415408036,1.2037500143100002
1.8895299060268842,0.7911959886550001
2.1891557949931526,1.13630115986
1.2396411531018179,0.8642929792399999
1.309472192371657,0.8814030289650001
0.8360776372797808,0.58174097538
1.0188212919533768,0.865119993687
1.0366121834928772,0.907812476158
2.2425998568720162,0.7377740144730001
0.9621382184882398,1.1203750371899999
1.036746590664094,0.9422479867940001
1.2062802128644827,1.06006002426
1.1213446249105972,0.715842008591
0.8783607140726399,0.404020994902
1.4707501003343282,0.29207798838599996
1.0582126551224686,0.631792426109
0.8683003531944359,1.12466526031
1.667793661233551,1.11569094658
0.9361467948514504,1.24741899967
1.072413635975427,0.697616994381
1.6630263903301095,3.69397497177
1.2377986415569109,0.820483982563
0.9867400266117398,0.85730701685
1.4367421203736175,0.690235972404
0.8482823168221845,0.8385969996449999
1.0522249162647865,1.28772699833
1.0492123526943222,0.9632229804989998
0.8746324773296684,1.34329998493
1.6236029346685994,0.7316169738770001
0.8621674037522478,0.6809219717980001
1.1787057714333622,0.701478421688
1.7145763596614005,0.669803023338
1.5120590693622693,1.36564302444
1.1957389412211803,0.9781420230869999
0.7676104759798066,0.67867898941
1.175901967937341,0.597633004189
1.237936543950074,0.819377481937
0.7656846616451737,0.791110992432
0.9166581786882826,1.0441473722499999
2.028993498326326,1.4000159502
0.8909210589270578,0.874862015247
2.103749517150467,0.622817993164
0.91110818990045,0.7164059877399999
0.8425945315570051,0.6523500084880001
1.0150195496337113,0.9379299879069999
0.858690293410344,0.593699991703
0.8927054226886726,0.539344012737
1.055633710905008,0.9370089769359999
1.2237133207756377,0.808772027493
1.436396199316727,0.56542801857
1.9778838210444816,0.602082014084
0.6724051315783748,1.14667999744
1.1147993451945344,0.9824249744419999
1.1037047693255138,0.567151010036
1.2759951683993702,0.786639988422
1.0850320226973207,0.7388439774510001
1.8527451311033756,0.681029975414
1.181059432708996,0.708697974682
1.5881156284979716,0.6642330288889999
0.8764020128769645,0.512479007244
0.9411730299263854,0.604038000107
1.0836321333498249,0.672879993916
0.7896068609317055,0.8265414834020001
1.4715537895503983,0.454686015844
1.158668723172038,0.559450984001
0.7645781591095536,0.133221805096
1.4818148079430784,0.163306996226
1.181164818946475,0.17978604137899998
0.93742180945122,0.57479184866
1.2587383044069738,0.8508148789409999
1.0708629225051474,0.852764010429
0.890198713058107,1.6876280307799998
1.1082310817462777,2.1495220661200003
1.2291841904484988,0.812285006046
1.500250832721256,1.2396399974799999
1.1001840216671865,2.12843728065
1.0979550233076458,2.1392390728
1.390592268949724,0.9779880046840002
1.5111762610312276,0.6937779784199999
1.4437356358253695,0.721879005432
1.3376551201689244,0.7631160020829999
0.7767291922908689,0.856532990932
0.9687253349518444,1.1093380451200001
0.8675411486213217,0.647634029388
1.044858153475471,0.9241870045659999
0.8326059816024299,0.7877320051189999
0.9146713038854017,1.3055670261399999
0.8867644456640025,0.910771012306
0.9549134888089337,0.869964003563
1.2793875460880246,0.574302017689
0.7285701707847085,0.859953224659
0.8906701443576232,0.47758498787899994
1.0399266071405422,1.1080174446100002
1.5372417198237938,1.29072499275
1.8936288481278216,0.859157979488
1.0543826332797812,0.305898010731
0.8870095878214345,0.903901994228
0.7945885584057765,0.635275006294
1.312560697582596,1.0234229564700001
0.8705252737950391,0.673066973686
1.1630146609571972,0.850479006767
1.4668093964633337,0.51419699192
1.0748271396874183,1.52795660496
1.5845139611557912,4.09438562393
0.9848055801380571,0.9952359795569999
1.1985363897682078,0.8670449852940001
0.9147545537172193,1.14105606079
1.5514752168324366,1.6222579479199999
1.2668344035091328,1.9802049398400003
1.2033870164192835,1.3755470514300001
1.1223986991170192,1.8518650531799998
1.2186643138001418,1.42092394829
1.196544642837765,1.5891779661200003
1.2114638388428283,1.67319941521
0.895020318775445,2.12393403053
1.2143512099181166,1.64840197563
0.9215835819058509,1.2047419548
1.1844646262114544,0.792083978653
1.2529944896748333,1.22702741623
1.0251887390134324,1.2269510030700002
1.2816542504782613,1.13134396076
1.0618033072197264,1.25246500969
0.7908014854267049,1.1168919801700001
1.5263957283762433,1.1223870515799999
1.1865607002212104,1.0401530265799999
1.1937885014591967,0.809131026268
1.103905056134632,0.7681059837340001
0.7551487917085159,0.7982919812199999
0.8325281334772572,0.766672253609
1.3377088194879212,1.05736005306
0.8716729775833016,0.8607699871060001
1.0996995627222335,1.0707770586
0.9330400721200628,0.53015100956
1.0115865002714972,0.660418987274
0.8765390149856871,0.990917980671
1.7760126172263766,0.356153011322
1.1656500583048852,0.961823999882
0.9745681809724702,1.24482905865
1.03691552639151,0.8381230235100001
1.3938969483422654,0.9245989918709999
1.4270047497780183,0.8131660223010001
1.1840758092488566,1.00306105614
1.394096175993218,0.875234007835
0.7608838154278819,0.7991399765009999
1.1480794716638332,0.881296157837
1.1906527577940713,1.06308019161
0.9635040029428028,0.9057049751280001
1.169037987529244,0.690955996513
1.3933701230706876,1.3559700250600002
2.0650557155492506,0.757239997387
1.1712129688223385,2.04375457764
1.4091274309322035,0.8576130270960001
0.941334551546642,2.36495709419
2.0640908224603733,4.17923116684
1.3510433030455884,2.23356199265
1.1441040274050067,0.8013390302660001
1.1115588507868295,0.83728402853
2.428405008223328,0.8851529955859999
1.5336827365556878,0.9040349721909999
1.002204159493013,1.30293953419
1.2385251181427075,0.722869992256
0.9072343189097061,0.800912022591
1.0722913032072983,1.03291928768
1.0726726001469205,1.3216282129299999
1.0709511503803433,0.93677598238
1.2791030562047399,0.700770020485
0.820592638982645,0.762431979179
1.0885668571592506,1.14493894577
1.1084290384074316,0.772161006927
1.6660768717629026,0.8772150278090001
0.9815860570620313,1.2435050010700002
1.366500339567152,0.638184010983
0.8412778390834185,0.746819972992
0.9859316770997409,0.683992981911
1.5630944996567038,1.4195051193200001
1.0541413570496536,0.614147007465
1.3086678676606875,0.7347676754000001
1.254319708371653,0.6770560145379999
1.204075786974384,1.07402694225
0.8830458472603381,0.615638971329
0.8639262947599795,0.9692379832269999
1.5280724816682314,0.9916120171549999
1.1422322830947285,0.808956027031
1.084471833943526,2.4351439476
1.361369459665454,0.822347998619
1.1578635511345359,0.593822002411
1.0976290144242689,0.576224982738
0.9340093077574189,0.42242398858099994
2.08234329512845,0.676587998867
0.9488234352724529,0.552034974098
1.4039332133722016,0.9015229940410001
1.2706452545890226,0.748996019363
1.110769248374362,0.8627583980560001
1.092524189813445,0.9480749964709999
1.3149321527154123,1.05561387539
1.2154016829867755,1.9700200557700003
2.268592233751155,0.9391199946400001
1.1870445236712641,1.00904297829
0.9768201630642048,0.7824029922490001
2.3430663046716087,1.01626503468
0.89181339968159,0.878274977207
0.9477243468439923,0.735361993313
1.4907459473430098,1.1099909544
1.8800826388528475,0.772719979286
0.8567744351624679,1.16498196125
1.0716567615502772,0.715721011162
1.1903482498214564,1.47547900677
1.908049286552696,0.835452020168
1.3198416685604963,0.734466016293
1.254033841582753,0.786192774773
2.280248693027035,1.14346504211
1.7272567071359828,0.924699008465
0.9959200681805913,2.95876455307
0.9721881466585124,2.13832402229
1.6757769599910721,2.03871202469
1.2462385433996293,1.4802099466299998
1.051365515329205,0.9367650747299999
1.1208688510626021,1.71593976021
1.394244564052221,1.00140202045
0.768764958380329,0.889622986317
1.302229562919352,0.749293982983
1.5860717709857806,1.1151839494700002
1.1973738577656265,0.9457820057870001
0.9552503011055998,0.645218014717
1.365159233497848,1.16484200954
1.0034738783019546,1.2443510294
1.0470436204344051,0.9045109748839999
1.3848248349904904,0.5575259923929999
1.4027779895609633,0.577834367752
1.3230290991441038,0.719983577728
1.02432690201407,0.76077902317
1.1277856834631634,0.540440022945
0.8789834990740226,0.8009672760959999
1.5229282563736468,0.771014988422
0.9182834568934217,0.670971989632
1.0449598326593703,2.7689704895
0.9584656934647797,3.08613300323
0.9177507003361164,1.11635804176
1.319456346819845,1.01826095581
0.7719871293517688,0.744261026382
1.091606429262938,1.1143867969499999
1.132942300908286,1.3805164098700002
1.4668264489098002,1.22909843922
0.8114246718168815,1.57323896885
1.3960330585306817,1.24559795856
1.0942311291131532,0.829861998558
0.9058492577765288,0.537698030472
1.3499896525024329,0.8593800067899999
0.8036669207907287,0.794964790344
1.7006002380870027,0.812288999557
1.1031331416635304,1.20946097374
0.971753997726426,1.04361104965
2.2587181258363747,0.9914460182189999
0.7616408487267565,1.37764596939
1.347659398622259,0.7495359778399999
1.7238524668758735,0.754966974258
1.5757427546388678,0.852221012115
1.0962963816202898,1.31262803078
0.841662048707996,0.949999988079
1.2290574092160744,0.8433979749680001
1.149089378974749,0.632993996143
0.9761694162872498,0.6848490238189999
1.9742475192302855,0.829603970051
1.8692538057675803,1.11777603626
1.07521892229288,1.0605150461200001
1.216858449127765,0.9966710209849998
1.586391636751797,0.6726049780850001
1.5705538328696942,0.84998100996
0.8759988443212224,0.792970001698
0.8597426200057927,0.7509549856190001
0.8609839004179874,0.9556260704989998
1.087454952916986,0.6085839867589999
0.9582981346429791,0.778249979019
1.760903831909668,0.509814023972
0.546302925454007,0.636431992054
1.6417324390736476,0.6015599966049999
0.9696548521579899,0.65563338995
0.9409651171784749,0.638554990292
1.165531432590336,0.8762890100480001
1.0848431747963911,0.7967479825020001
1.1218191277687937,0.682483017445
1.150054483895259,0.802550017834
0.8640768540932219,0.795031189919
1.1622412636646637,1.58489704132
1.3576204634224365,1.0174859762200001
1.4354317298911161,0.917778015137
1.0677685919242974,1.2302210331
1.0627393912064986,1.0278990268700001
0.9960432482752525,0.9125559926029998
1.201807493846899,0.793597996235
1.2343212134675574,1.0304379463200002
1.267380293627692,0.532537996769
1.1798527338109088,0.612778007984
1.1951189100310282,0.874128997326
1.467674940516276,0.366723001003
1.4674800554138026,0.7391750216480001
1.3361363932752464,0.560423016548
0.9721794615615543,0.775817811489
1.5623090279610823,0.8102909922600001
0.8872853396498529,0.6437510252
1.190618758816955,0.723645746708
1.0324291442335898,0.9113870263100001
0.9800196680509005,0.662783026695
0.9399993767630653,1.0020359754600001
1.6335426044738315,0.8224419951440001
1.4981828264028891,1.0305769443500001
0.7157744809858906,0.678113996983
0.8547853361274392,0.533345997334
1.3146111218754137,0.320995986462
0.7693922977618239,0.7608630061149999
1.0217597144522477,0.7439860105509999
1.5654091839118431,0.546840012074
0.8435755768079078,0.7004669904709999
0.9503069981150326,0.8356525897980001
1.2364810487988833,1.27425897121
1.2613497647801188,0.893445014954
1.097930344922387,0.621165990829
0.8942313518578768,0.790015995502
1.1859282768805204,1.06749498844
0.9609433821616074,0.66980099678
1.0846778402067383,1.26569497585
0.7251219225028178,0.638062000275
0.9082036604628787,0.9348030090330001
1.7580241926889886,0.8006410002709999
1.4689708205319083,1.08570897579
0.9656321694449769,0.352703988552
0.9334395865801335,0.588370978832
1.1868953942015452,0.48754200339299997
1.4501375055258077,0.46368801593799996
1.3212993879438348,0.363703995943
1.0509816764099853,0.875024318695
1.3506767284044685,0.6435279846190001
0.748064771191512,0.4834130108359999
1.2165609315990433,0.212089002132
1.4132990312833023,0.45604699850100006
0.9964605565925055,0.43679100275
1.586349800004255,0.723880410194
0.9723585652073602,0.556069016457
1.2208423666519164,0.474842995405
1.040704770644821,0.267464011908
1.2235152581986672,0.958843708038
0.9312064575037469,0.78689801693
1.0434129321584868,1.7943609952900001
1.3533225055021796,1.33767795563
1.2208093209171493,1.2104539871200002
1.3687241480516814,0.56547999382
1.4056063655264266,0.40084299445200006
1.2409202984184335,0.272765487432
1.0457633100438073,0.583644986153
1.4858142950922644,0.853380262852
1.1200785072394188,0.866061031818
0.7203675733289966,1.15834999084
1.4542975610529012,0.7764859795569999
1.080907554884592,1.06880700588
0.7152462788086974,0.5888479948040001
1.0247572379767602,1.5888684988
1.0916768632809515,0.432785987854
0.9249015007754624,0.399603009224
0.9768631648857289,0.554534971714
1.0154380230249467,0.6221979856490001
1.0181998838576094,1.14955198765
1.3114887236031751,1.12126004696
1.2340155404209603,0.9776459932329999
1.0657995109785992,1.73274195194
1.099387428810826,2.30270791054
0.9320922314776523,1.05347704887
1.1329184698495596,0.796280026436
0.9520703905449682,0.520332992077
1.139605676759815,0.610480010509
1.0166979975787644,0.445305794477
1.0745093922377331,0.652213871479
0.8691586420139435,1.17554116249
1.558175980967212,1.0322021246
1.1014419838204899,0.7193930149079999
1.1489739307346967,0.820013999939
1.4813819300007907,0.9497330188750001
1.0729636568108318,1.0391149520899998
0.9830613584709191,0.58838301897
0.9487652874891606,0.950855970383
1.8645604641040985,0.527760028839
1.161987277536549,0.773606300354
1.4345740236085995,0.970355987549
0.9894122826635913,1.38388991356
1.4807312891396522,0.779523015022
1.6458275682051888,0.606999993324
1.4471021700547828,0.466057002544
1.0607287912607082,0.945527017117
2.469427686799103,0.623872995377
1.2792181866973424,0.39232400059699996
1.202064869281144,0.5156549811360001
1.9734798413918464,0.967938542366
0.787474457796869,1.3565659523
1.237313123453792,0.9072690010069999
1.7128012105758266,0.816276013851
0.9762201499633829,2.47986698151
1.5573047174601755,1.1330800056499999
1.1294039712244095,1.04558396339
1.2374193570178034,0.847437024117
1.3888545081473964,1.5365229845
1.0652161266609772,0.900898993015
1.4110420711481892,0.48120099306100006
0.8316684147942259,0.85725402832
0.9680413306084891,0.861747980118
1.394559875438125,1.0086940527
0.9128523056517713,1.12772703171
1.204403490510826,0.77955698967
1.3220418578179325,0.989550292492
1.196397737600194,0.8363329768179999
1.2544947872164296,0.9099559783939998
1.426365441909252,0.551105976105
0.9155441561296866,1.23976433277
0.9208200347842577,1.21183896065
0.982420779612354,1.37998199463
0.826445917711202,1.14846098423
1.9351345028271179,0.766390025616
0.9796280972770719,0.9660840034479998
1.2843547860531348,0.815675020218
1.2390653947229886,1.1422729492200001
0.9680177113813958,1.2994799614
1.599370243165817,0.858331024647
1.0707587013416506,0.714946985245
0.9600923485755342,0.8764400482179999
0.9028400835121946,0.830546021461
1.3639150404006977,0.853524029255
1.185693037851937,0.909241020679
0.8841851836990922,0.520272016525
1.1660997768620063,0.741104006767
1.4843818895890841,0.585331976414
0.9702704348838465,0.504777014256
1.571189645516514,0.5519493222240001
0.8762608800513961,0.969752013683
1.9382861338647275,1.11651599407
0.8917083311915608,1.0498449802399998
1.1518729525498068,0.634262979031
1.042721090044706,0.5644329786300001
1.3327212436860312,0.9184709787369999
1.149415811521392,0.9593539834020001
0.7995118433070135,0.598415970802
1.202936026872364,0.9383450150489999
0.9204209439874532,0.45422500371900004
0.9852251126874579,0.7079470157619999
1.221690858258392,0.38765001296999996
0.9931966547893405,0.448433995247
1.8052370152478951,0.840570986271
1.0115040977662122,0.533711016178
1.2855046081577284,0.721135020256
1.0071435435983676,0.521538615227
0.9353345264542388,0.705075979233
1.0934397261318043,0.640564978123
1.6052859592682371,0.516858994961
0.8831627253639139,1.66040945053
0.7322475679357304,2.46530795097
0.9594771895129438,1.62215602398
1.3018248585842698,1.8662700653100002
0.8720397110981465,3.62353610992
1.2655126800342595,0.794870972633
0.960293906374451,0.906598985195
1.9672424589545283,0.8571879863740001
1.2536988298549685,0.775637984276
1.1017886462880961,0.700670003891
1.0853472281674084,0.6443409919740001
0.9951001738445872,0.7579550147059999
2.030739626478162,0.549960017204
0.9124673016585696,0.49646699428599994
0.9644018513197963,1.36767756939
1.0198399902770672,1.3978940248500002
1.3218545986542514,0.814813017845
0.791011198743497,1.27889895439
1.0404986584657918,0.862398028374
0.8326557090783057,1.09386599064
1.3080133079143363,0.813471019268
0.9599869623380552,1.46668708324
0.98212209700965,0.9060310125350001
1.5248574070565013,0.7652140259739999
0.7978646405278461,1.3110339641600002
0.9061961320757683,0.789250016212
0.8866620250693873,1.47490203381
0.898189743670237,0.9167850017550002
1.218926985025215,1.18614006042
0.9247201728975089,1.4113919735
1.4414353561212825,2.09247207642
1.7420521934673021,0.718922019005
1.1754765041022128,1.3018610477399999
1.0576245045931014,1.26897478104
0.7392178878236554,1.2219970226299999
1.3433366564009268,0.906111001968
1.8517770605400017,1.0788739919700001
1.1227376297300167,1.0280250310899999
1.74901287501592,0.7863690257070001
0.9531462834096018,1.27685296535
1.5081784197592656,0.709342002869
1.134069562943952,0.520192980766
1.2959108371349146,0.564561009407
0.9653959771740442,0.9855200052259999
0.9092022347814223,1.09284198284
1.111363965684356,0.47868999838799997
0.9496272304043396,0.39550599455799995
0.7095257655562005,1.85070300102
1.5033616861694896,1.1957960128799998
1.3890205841477652,1.70251083374
1.4755577251638798,2.9983510971099996
1.4004104533133597,2.40708088875
0.9109979315354092,2.5859439372999997
1.0362070554945286,2.23383903503
0.7188694470616398,1.65577304363
1.3436575813251086,1.4306110143700002
1.2772995216803273,0.8921740055080001
0.882128086709831,1.23169696331
1.3681242408666758,0.895507991314
0.8644591572331013,1.60203301907
0.7746700299431847,1.58539903164
0.9153770209711524,1.2320599556
0.8905589327502333,1.21037101746
0.9556771418463434,1.24214100838
1.0153105003818064,0.9857040047650001
2.1748609727267203,0.728968977928
1.0794245216210951,0.6761519908910001
1.0007461223622247,1.07157301903
1.081420293352567,0.9457439780239999
0.9542785234886463,0.43763700127599997
1.1948612168493336,0.514182031155
0.774114183737869,0.338719010353
1.1392099752691405,0.714428007603
1.3818219097593332,0.499619990587
0.9599545520981874,0.79173797369
0.9420287238083873,0.864624321461
1.75212044507384,0.602496027946
1.336967726519439,1.2600699663200001
1.1177368144510564,1.01233994961
1.4298054817153592,1.00452899933
1.3033664632943254,0.631023526192
1.6217356388226167,1.1412210464499999
1.1510612137316778,0.542609989643
0.9498076050399442,0.854745984077
1.9681908291760217,0.7744219899179999
0.7800594503531099,0.308434009552
0.8065311492600983,0.837620973587
1.3577909878871008,0.7293469905850001
1.129660499332122,0.7503905892370001
1.2015146366141058,1.13482201099
0.898846315817103,1.61424005032
1.1006944299871975,1.2447930574400001
1.2163684825603507,0.714163005352
0.8820494971739422,0.729304015636
0.7015164115078053,0.648698985577
1.1496267958279829,0.342799007893
0.963899280770211,0.386186003685
0.7516584948474503,0.636629998684
1.9884067692515188,0.39904800057400003
0.8318279240139678,0.417885988951
0.9812825023317655,1.10379052162
1.3857657911048245,0.695618987083
1.169785647278353,0.8070139884950001
1.0123040799287029,0.594769001007
1.4489607808038072,1.1076079607
1.0306668109618198,0.971358001232
1.2750770901014135,0.717034995556
1.053232917091004,0.67648100853
0.8614247220465172,1.6877729892700002
0.7992661186125904,0.990756988525
1.5410177246000345,0.808203995228
1.5433492494700072,1.08771896362
1.0804530701157256,1.5648180246399999
1.4240317987229483,0.667380988598
1.1468355963141326,1.2564899921400001
1.232075904072266,1.09188604355
1.118899452369454,0.737550973892
1.0807881877593268,0.6224380135540001
1.5923950511503302,0.8364729881290001
0.9628583401250427,0.577426016331
1.3994273427040342,1.0157610178
1.2435636394523637,1.10615897179
1.3476638470865545,0.6945540308949999
0.798411272057121,1.13090395927
1.5010638425291836,0.951821982861
0.7662106925481272,0.752457022667
0.9601628885093643,0.558522999287
1.3116084084758899,1.4158363342299998
1.765065688005643,1.8552980423
1.3025511233384333,0.7845479846
1.1760700563382245,0.8210539817810001
1.4202367290997262,0.583589017391
0.7492960425590417,0.835972011089
1.057177116183945,2.18466305733
0.972505788192381,0.680548012257
0.8564835903301894,1.238904953
0.9046853488683324,1.03032803535
1.062470894611515,0.791410982609
1.6242572825833175,0.842372000217
1.5801128412302032,0.446471005678
2.054779551194802,0.558933794498
1.4113721048325956,0.709932982922
1.4981641852191743,0.7334340214730001
1.0918694182354607,0.7833399772640001
0.77097362090309,0.842680990696
1.0846991292858672,1.09976100922
1.2145834833038365,0.8706315755840001
1.4802727795697568,0.586246013641
0.7511897114433482,0.8863990306849999
1.3258017633900558,1.0193990469
1.13596842170327,0.849361002445
0.9306065503187414,1.0106669664399999
1.1287306643785269,1.33151602745
1.401650515693664,1.2150089740799999
1.3540867940344887,1.64559102058
0.7866806187517391,0.970878005028
0.784957103626739,1.4112720489500001
1.1317865475179647,0.7953929901119999
0.8650861788671466,1.04633104801
1.2402676451567805,0.887933969498
0.9144867985329513,0.8349300026890001
0.984860444531036,0.9847199916839999
1.2478361775766458,1.09039402008
1.0505386305493079,0.490164995193
1.3554344668844196,0.6141669750209999
1.2959719505610707,0.631474018097
1.2869943141176687,0.825244009495
1.2638404811223836,1.05145096779
0.8851150716105955,1.0471149683
1.0788925064745056,0.39214301109300004
1.146669520313764,0.46951499581300005
1.5034761811671926,0.772090017796
0.7925320439535063,0.7520099878309999
1.2204049343295167,0.687739372253
1.0761130636162939,0.6718119978899999
1.3100598133219414,1.18593323231
0.998976480899112,0.657198011875
0.942883994027123,0.8213180303569999
1.0494123217559908,0.7795739769939999
0.9298753075211995,1.03012299538
1.5793102111722988,0.621188998222
1.0258244457444359,0.8660820126530001
1.1591764835966347,0.9608931541440001
1.2106963728360223,0.6760399937630001
1.2423102316791725,0.740238010883
0.6942206123155864,0.598470985889
1.3418827499869843,0.615105986595
1.30233929170531,0.935873568058
1.1230542121057194,0.58182477951
0.9545675677520432,0.715665996075
1.3541385868687874,0.6529520154
1.3610913247311631,0.9700022935870001
1.1939779848550256,0.7834500074390001
1.1049135865399324,0.744813024998
1.2444790698549064,0.8276180028919999
0.9586702169065603,0.8943400979039999
0.7849951274048846,2.50501704216
1.0461191871874547,1.62071204185
1.4995356891278315,1.41758596897
0.9066368477884815,1.04987204075
1.7915418883348353,1.22650754452
1.0757063468806969,1.0431790351899999
0.9928588892503253,0.9694439768790001
1.0261122190180338,0.819225013256
0.9593351564029347,0.8129550218580001
1.733315727338211,0.671208024025
0.8699217125143623,0.528989970684
1.0694165361141807,0.346193015575
1.4825802615493697,0.478949010372
1.0849650839012537,1.15381097794
1.6134587414215869,0.9671270251270002
1.1660083715123135,0.784583985806
1.2790481918117609,0.470185995102
1.0385453589767613,0.563278257847
1.2911550051396616,0.241623997688
1.333407790008984,0.270985990763
1.1695299664971732,0.199468001723
1.294783998762515,0.132716998458
1.1178585117242856,0.4732620120049999
1.0144103218568485,0.6585559844969999
0.8802541711253132,0.9621880054470001
0.825383740944813,0.511197984219
1.066961619317914,0.9829789996150001
1.3386092098445121,0.910009980202
0.7656554818377109,1.0265760421799999
1.2474067948563046,0.830938994884
1.3087220965587671,0.9651920199390001
1.5473600696115652,1.00054395199
1.0179762955688476,1.98318505287
1.623478801331589,1.27485501766
1.0510673623055837,1.28652596474
1.2751889372037026,1.3822449445700002
0.7752360970247987,1.73692405224
1.0821343777878258,1.25766801834
0.8589036608228076,0.7533379793170001
1.5134246419851993,1.0849089622499999
1.1361127849612436,1.06249403954
1.0924568273541118,0.778762996197
1.2026615989916525,0.825646996498
0.993130563319806,0.989183008671
1.254512792905245,1.41809201241
1.4665743692663835,1.15167796612
1.1865414235425962,1.25036406517
1.110701144504313,0.879401981831
1.6323263731522535,1.0894230604200001
1.001453322269407,1.8090629577599997
1.1257696818107281,0.868739008904
1.2103749183327577,0.8521729707719999
0.9852278664986885,1.3078379631000001
1.078708742532771,1.2625759840000002
1.0667802914399602,0.760155975819
0.8294151087547842,1.06988704205
1.4075661258802676,0.8579840064049999
0.8783301044016536,1.14932394028
1.5151698168946863,1.06714296341
0.7852243821898325,0.740061998367
0.9349139347466723,0.679988026619
1.0865678020374652,0.7323921322820001
1.1285586570924306,0.835274994373
0.9650946466759263,0.600082993507
1.0883871180185454,1.0105639696100002
0.9800720963800985,0.761397004128
2.362413946882933,0.726006984711
0.7796560170078264,1.06432402134
1.1578230912926095,0.5901079773899999
0.9665986512711022,0.774465978146
1.0961984094899702,0.7406870126719999
0.7868281594842096,0.8908360004429999
1.2124571173705438,0.7620100975040001
1.0655625772969506,0.777450025082
1.3614069538645168,0.581107020378
1.1896532302331786,0.7908779978749999
0.9896853336386873,0.890371978283
0.88374505052337,0.788205981255
1.3877237508897837,0.730194985867
1.3804505117664925,0.9248933196069999
1.1117095689937968,1.26558697224
1.2079224376002717,0.7884140014650001
0.7587614742956187,0.91806101799
1.0252539831564345,0.656926989555
0.9788579833748519,0.825268030167
0.9781435811921432,0.42572298645999995
0.7536481234615616,0.9114630222319999
1.2637614679232285,0.7238519787790001
1.2905968287863816,0.9657319784160001
1.1406024505094772,0.719420015812
1.1277419402309234,0.714648008347
0.9627296524079203,0.618879973888
1.2509563516167366,0.850296974182
1.5077941571767797,0.611301481724
1.1434487262479394,0.840580999851
1.0649246463337996,0.590990006924
1.3534118984513577,1.1918078661
1.6287838068357146,1.07247805595
1.2195067682050735,0.7976800203319999
1.26919844453479,0.714037001133
1.344944988075416,0.8885610103610001
1.1842047087976122,0.736729025841
0.798927187999593,0.9655410051350001
1.3946305212877717,0.856945991516
1.1007449518316974,0.583833992481
0.9923138464582988,3.0475621223400005
1.5218677213024145,0.8865389823909999
0.832022173621542,1.1864609718299999
1.4104581572514847,0.87507301569
1.351370371087131,1.11197304726
1.0833431950022445,0.692927002907
1.1580632024487547,0.563274979591
1.2193417513628704,0.551968991756
1.2063505409666795,0.921135008335
0.9976510503706589,0.546503007412
1.064050523099716,0.9997850060460001
1.3559531366381223,0.75122398138
0.9110389209564186,0.840256989002
0.7864815499745115,0.784314990044
1.644686960776636,0.591548025608
0.7463032322883663,0.610984027386
1.4768817787867177,0.9328789711000001
2.1774857784927524,0.799202024937
1.2126782695955247,0.983354985714
0.9983874830432125,0.54052901268
0.9969741423870132,1.0936700105700001
1.1060481567669411,0.926633000374
1.016434267195526,0.797241985798
1.2384541545456111,0.589605987072
1.2153636592086299,0.7799540162090001
0.855667773753123,0.518279016018
1.4714369644047307,0.7263879776000001
1.2096305419739621,0.621636688709
0.8759432914754358,0.881067991257
1.9838697593332821,0.731501698494
1.215359740323417,0.970385015011
1.1940726735950318,0.871535003185
1.083646855648327,0.5505740046500001
0.8650828954768331,0.257629990578
1.462161280853524,0.6952109932899999
1.4053442238804366,0.35474300384499996
1.3348179531906865,1.30835092068
1.4566780190301252,1.42471003532
1.2390180503529855,2.4222431182900004
1.4456436033449116,1.58809316158
1.154850457984989,2.8828899860400004
1.2940679019267411,1.51081001759
0.8476036612275655,0.5103110075
1.2732104297503302,0.663749992847
1.5603938581660137,0.586565971375
1.1492299292633263,0.9182999730109999
0.7813783141009361,1.1263630390200001
1.0549448344340906,0.9455379843709999
1.1745113991817027,0.7979699969290001
1.3628427486738273,0.88952600956
1.0006269670685928,0.501745998859
1.2380699978789418,0.788908004761
1.5310654508126318,0.557146012783
1.3336612465580162,0.8079270124439999
1.2195516765112957,0.7382910251620001
0.8175973926481886,0.6742079854009999
0.9287995205723824,0.878771364689
0.825722406768269,0.7401880025859999
1.215035955672188,0.8886500000949998
0.8805359601552757,0.798327028751
1.3298998581644608,0.513779997826
0.9963504041432815,0.776037275791
1.0137562916895801,0.852828025818
1.1984736876048032,0.785162985325
0.8704680262961875,0.8431609869
1.9144531686536488,1.02479887009
1.2364113561915857,0.8044279813770001
0.9363699594769458,0.8841310143469999
1.3662567331890603,0.36156499385799995
0.9787241057827178,1.1714910268799998
1.113509290548813,0.44779101014100003
1.0256251121776667,0.766573011875
0.9627008433058155,0.773559987545
1.0383756818386294,1.05482304096
1.2757887384728914,0.784330010414
1.199975573883648,1.0342509746600002
1.120082108377182,1.09697902203
1.0757053936383478,0.7633029818529999
1.039212099042017,0.5883730053899999
0.8582464002231339,0.636563003063
1.4482242422154372,0.575070023537
0.8806551154489075,0.539964020252
1.8732991544653375,1.32467114925
1.5887383075835377,0.817846000195
1.1044822973348931,0.635960996151
1.2885618682027817,0.813592016697
0.9105684428992515,0.987214028835
1.0858828444517608,0.983928978443
1.249938182872129,0.590479016304
1.0860032707351914,0.898679018021
0.8625148076305701,0.626800000668
0.9400874987224447,0.692685008049
1.5111813449904226,0.575704991817
1.4305547302017165,0.676468014717
1.3386084684337962,0.827947020531
1.1919729984475127,0.654785990715
0.9138160336666661,1.0858155489
1.2602029083183888,0.8509550094600001
0.7664043066608021,0.887935996056
1.312288599849849,0.6557850241659999
0.7631950574189827,0.659780979156
1.2452524671474399,0.885627985001
1.0904941013574072,0.750299990177
1.2057629200163953,0.930316030979
1.195727184565542,0.7259460091590001
1.0685177344948382,0.7123904824259999
1.091037343580552,0.9326570034029998
1.0994433523619707,0.654497027397
1.2471844775573417,0.498726993799
1.362477445022506,0.9782410264020002
1.1835640240232304,0.559324026108
1.1884325504473052,0.8733990192409999
1.234154819719739,0.6232500076290001
0.9278111141722287,0.631924986839
1.7311173386496566,0.833535015583
1.4367708235599057,0.861343026161
1.3943568348177764,1.03601300716
1.126631412894274,0.6160370111469999
1.5117971395479124,0.987452983856
1.0368961437970792,0.668673992157
0.8807051606722329,0.645533978939
1.3195712654808143,1.00703001022
1.2483419256007278,0.7763000130650001
1.077150614955332,0.9358490109440001
1.714145917782894,0.6626719832419999
1.0667509527587729,1.11335194111
1.5174598227645666,0.54953199625
0.9399799941686345,0.927363276482
1.13838319640506,0.821533024311
0.9551293452430863,0.919354021549
1.0482586866820007,0.6899859905239999
1.3949879871686675,0.649773895741
0.8790017165944712,0.970504999161
0.9874888514348309,0.8034440279009999
1.336979589090894,0.8920990228650001
1.2710204084112842,0.746227025986
1.1656799265651556,1.4954074621200002
1.6750775978543153,0.7597569823270001
0.9183743326640317,0.967728018761
0.7908668884434317,1.12601101398
0.9594641618675067,0.764141976833
1.036250692810952,1.42381894588
0.9316390176985848,0.830919027328
0.80207982523746,0.531687021255
1.7078264505877405,0.694292008877
1.0619007497709632,1.09710001945
0.9462435378126433,0.86237102747
1.3968879050861511,0.971195995808
0.9090555413754844,0.750190496445
1.141788919486601,0.565989017487
1.271926094558703,0.7235890030859999
0.8853111747449595,1.0888769626600001
1.2592202213723294,0.261454999447
0.9945953790628542,0.192316800356
0.9532817497389843,0.204839006066
1.0599740351518894,0.375299990177
1.4601112802239724,0.18789100647
0.9542244005063834,0.417883992195
1.1816497015546945,0.612834990025
1.3481727725851336,0.48221001029
1.1827818357179223,0.813664972782
0.9645993843176838,0.899798989296
0.8479644104987746,0.766745984554
1.9500069899570776,0.6762999892229999
1.0181402532528852,0.9804093837740001
0.7873570501142104,1.07553303242
1.290257686341751,0.645973980427
1.2212480242293478,0.76016998291
0.9552085702738745,0.8707180023190001
1.37154034369824,1.04555702209
0.9716688414099105,0.483233988285
1.1131865650557495,1.08598899841
0.9414644043377466,0.7320979833600001
1.064189484651045,0.712899029255
0.9510745700376552,1.0453890562100001
0.9977244500315362,0.735920011997
1.48748003313933,0.8956930041310001
1.0755665380028354,0.874550998211
0.7610416829524671,0.923747003078
0.8736052527827448,0.9997780323030001
0.8288915139156114,1.73953402042
1.1774394419305505,0.810788989067
1.1690467785420187,0.7049050331119999
0.9644542796489942,0.832826972008
0.8351962058543544,0.827660024166
0.6234497820053954,0.8953109979629998
1.2261090306304465,1.45950102806
1.0409736909030711,1.17951905727
1.135267894492531,1.4434119463
0.8489556236680672,1.30673503876
0.8123458746314268,0.763499975204
1.46676639464181,1.1451480388600002
0.9948549787292469,0.725345015526
1.0166033088387583,0.76335901022
1.6007859139699805,0.61748200655
1.2161947806211895,1.02932298183
1.0331451351535468,1.30205595493
1.2243398128306,3.16412496567
0.7616526583403032,0.9734439849850001
1.3241826283022773,1.2296710014299999
0.7365546346162116,0.744153022766
1.4756674539498378,1.0630340576200001
0.8237416221248406,1.1238720417
1.0754759799796751,0.898477017879
0.8026093513623602,0.7175139784810001
0.9689078279037803,0.536750972271
1.0872795563247597,1.17544305325
1.244670777482883,1.10104894638
1.5586957098790801,0.573449015617
1.4226488559061021,1.4311449527700002
1.20089502908722,1.0377949476200001
1.227034417119746,0.656862020493
1.331240010991416,1.0749080181100001
0.7659166172834437,1.3859720230099999
1.3985449580362588,1.0048049688299998
0.9510352752697108,1.6095399856600001
1.107776702893228,2.8175759315499995
1.1509682196447368,1.96256256104
1.2410587303906797,1.27975201607
0.8104988087064074,1.9953299760799998
1.1558252012448063,2.03338599205
0.7329341142586834,1.3074439764
0.883181048800179,1.61125802994
1.1806602359963752,2.04021811485
0.9962859014109954,2.18324494362
1.6752650688496296,1.35141599178
1.1927173748063085,0.7242180109020001
0.7828223173860298,1.3633890152
0.8035580922892116,1.52680897713
1.1482575161514734,1.7840195894199997
1.6205138998785777,1.10359704494
1.2304652422498124,1.76300799847
1.314519928357354,1.15754902363
0.853047098703937,1.15332603455
1.3505747314731196,2.3628110885599996
0.7480253705077511,2.58078789711
1.2591185421884301,1.24214696884
1.457460525082883,1.7128210067700003
1.0872205612149348,0.6676509976389999
1.2010778397866055,0.8271329998970001
1.2772394674123368,0.9642647504809999
0.9497235078815942,1.3941617012
0.742150590868432,0.758404970169
1.2269994649002807,0.690075993538
0.9054940161277809,0.674024999142
1.115716470250142,0.861522018909
0.6937192068399833,0.790746986866
1.0383426361038621,0.728500008583
0.8774003224059668,0.24119800329199997
0.9152603017413014,0.335460007191
1.07526266552512,0.591246008873
0.8591602948463365,1.0584269762
1.5844544364668836,0.766991972923
1.7026223828567983,0.588123977184
1.09565717966734,0.5922303199769999
1.1006872277116713,0.875351011753
1.747823440395932,0.7038279771799999
1.6229156469349306,0.567749977112
1.6531875523822441,0.713387012482
0.7050008829989601,1.07750594616
1.0295955783931148,0.690941989422
1.8540224758511095,0.772458016872
1.0972323596912454,0.7237120270730001
1.2221287142440582,0.9752489924429999
2.242056508733055,0.9151769876479999
1.000910609625345,0.757400989532
1.6664925913429074,0.691206991673
1.1954386698812278,1.1835279464700001
0.9271311346299026,0.7705749869349999
0.876178265714478,0.8947700262069999
1.1691525884427638,0.614335000515
1.1815359479677072,0.769231975079
1.3283648202350322,0.907074987888
1.9429631644924588,0.40680998563799997
0.8526273013649948,0.513888001442
1.131741533295926,0.24814699590199998
1.3501662141686412,0.256875991821
1.2139476706570167,0.598065972328
1.3169020809876433,0.598169982433
1.1475415252315164,0.880114018917
1.4390210050827588,1.08564901352
1.9139371467953603,0.9920129776000002
1.0389835327098769,0.8743849992749999
1.47292084499476,0.8770260214810001
1.074387694964504,1.008928895
1.0762631463283616,0.808875977993
1.116280471973333,0.6714209914210001
1.1695103720711093,0.744962990284
0.9201951314665436,0.694267988205
1.520746602384109,1.00188601017
0.9837396433601802,0.793558001518
0.9681902482465748,0.845004916191
2.378248361458906,0.803124010563
1.186405639465764,0.5744469761850001
1.0063079737215124,0.567972004414
1.073556679467761,0.453808009624
2.139765555077371,0.8494881391529999
1.33246005528239,0.40645998716399995
1.1225328944566029,0.24535199999799998
1.0354622554724668,2.32321810722
1.573890287007204,2.02711558342
1.3758536594118984,1.5811179876299999
1.360782262378436,1.72704994678
1.019014588318602,1.15064203739
1.2378881404219053,1.6079339981099998
0.8419004652110763,1.33123397827
1.4494577378151148,1.22164201736
0.9906057420846084,1.58354198933
1.2390106362458262,1.60866212845
1.141923326657818,2.18565392494
1.5309376104220418,2.98955988884
1.394244564052221,0.75744998455
1.0422135414517422,1.8113440275200001
1.6040873099722084,1.5279519558
0.9710878931560696,0.889223575592
