predict,actual
1.1129388279608117,0.623775005341
0.9917103381355302,0.691469013691
0.9717421351549711,0.8557710051540001
1.111442025641162,0.709383010864
1.029516988857226,1.01454794407
1.245999597317466,1.1157310009
1.1728945942418885,0.41828301549
0.8520543497553044,1.00228095055
1.1408568603008582,1.21886098385
1.3266138199556343,1.14329600334
1.1982616441400467,0.652818977833
1.0951816176509779,0.6746559739110001
1.0848880831026133,0.6009536385540001
0.9597896411718008,0.6694570183749999
1.110126763031099,0.653807997704
0.9063178293489977,0.781412005424
0.8946195333255755,1.20630395412
1.2636398765658157,0.846925973892
1.0439166677820542,0.82864099741
1.175799017763643,0.648239016533
1.0418356338182502,0.56237000227
1.0189987009461177,0.718330979347
1.0122645733291253,1.09964799881
1.1943095013608638,0.954171001911
0.9896774958682617,0.729013979435
1.239680024206496,0.669449985027
1.019133425864784,0.863121986389
1.1654016857150482,0.646466016769
0.9001235546490204,0.822318017483
1.001014513041392,0.9235979914670001
1.1229854727407709,0.8300920128820001
1.0143188105913392,1.06731402874
1.1767541665973964,1.54617500305
1.488296114505938,0.682727992535
1.016333011674893,0.6385620236399999
0.9192614835435524,0.6464239954950001
1.1626162056552922,0.688109397888
0.9824511774517072,0.727398991585
0.9473533237385767,0.650035023689
0.7445506432717199,0.869369029999
1.11201905500979,0.44085800647699996
0.8099090164818837,0.451860994101
0.7834695689410384,0.757507026196
0.7305182803987277,0.495238989592
0.8058938537918465,0.685087025166
0.7980470805218737,0.724381327629
1.0594705113599552,0.8653740286830001
1.1609794885419644,0.740046977997
0.96912008320017,0.807075977325
1.047532739675287,0.8204330205920001
1.080988474568445,1.11441195011
1.2040675255406923,1.1086050272
1.223833323395802,0.475149989128
0.8403207308070587,1.0392680168200001
1.2410920938728967,0.9457899928090001
1.1429744352213762,0.787750005722
0.8042432617065491,0.350454986095
0.751503645923637,0.9367713332179999
1.1109378663543283,0.986805975437
1.114815126651202,0.647023975849
0.7966690627904978,1.02977705002
1.177872637620288,1.1874469518700002
1.2733034238372714,0.9328820109370001
0.5770496515069667,0.7528370022769999
1.103115347806348,0.642004013062
1.0098011832675333,0.23073400556999996
0.6834225477750302,0.47149971127499996
0.9694688639841076,0.8772729635240001
1.0624775673079583,0.787630975246
0.9305074131144396,0.27422198653200003
0.9910873413025144,0.39922699332199996
0.9585235235006223,0.992351233959
1.2619670421590403,0.7627239823340001
0.9333937250315623,0.7200859785079999
0.9734156050566458,0.626478016376
1.0326042230783663,0.726989030838
1.126897261593844,0.9301019906999998
1.0694807210990172,0.687269985676
0.954839453653157,0.866255283356
1.0726552299530043,0.835203826427
1.0613016899124903,0.940249979496
1.1908741218506853,1.0233579873999998
1.1425434637637866,0.732262969017
0.9681469286776011,0.930074989796
1.2115692250803072,0.8702930212019999
1.0039741187035753,0.510402023792
0.9248886849616584,1.0258179903
1.1497725359915718,0.455123990774
1.0632115639167308,0.734534978867
0.9258066573437986,0.7012919783589999
0.9449321940877929,1.01438605785
1.0222456562186328,1.1237702369700002
1.1752054655276314,0.48253700137100003
0.7842830553701404,0.46893200278299996
0.9032847181101206,0.875519692898
1.0538161954928094,1.1454249620399999
0.8947500216115795,1.9437874555599997
1.518029967605118,1.5570390224500001
1.5512043900894883,2.10477590561
1.9577295239742236,1.06224000454
1.529512830857654,0.786782979965
1.326696328376736,2.24797105789
2.1183487414736972,0.5664669871329999
1.0735110297508228,0.8389729857439999
1.2065707399493113,0.31881898641600004
1.00677781628378,0.638668000698
0.9295365887398352,0.754026651382
0.9170446655029162,1.08582603931
1.0596770472022505,0.601429998875
0.982768501238126,0.6923220157619999
0.9052007352317216,0.878243982792
1.1051091071373051,1.27922403812
1.1752070542648798,0.725166976452
1.0561382938551078,0.428310990334
0.8891705882267427,0.701224982738
1.077460418718775,0.8846225738529999
0.5827402435412851,0.7809653878210001
0.908740759568663,0.92597001791
1.096060930760073,0.917864024639
1.0542646430601315,0.90730202198
0.8674613410535424,0.409945011139
0.5681674452142867,0.87414598465
1.0526380938651936,1.2313439845999998
1.3158376270311982,0.7683960199359999
1.04568991038293,0.9357339143749999
1.1832080409637666,0.752327024937
1.0010542314726028,0.624783992767
0.9544894018794207,1.9779472351099998
1.722619500855279,2.47647929192
1.8450531008413993,0.682259976864
1.1388313262249325,1.29407799244
0.9975528664087063,2.1165060997
1.9098809946843138,2.03023004532
1.817754570112422,1.72759306431
1.8397265944265118,1.32161903381
1.883924417351173,1.11427497864
1.541606298792668,1.6184829473500002
1.7228100434092735,1.10235404968
1.2853195732261953,0.850126981735
1.183693664982702,0.653181314468
1.1376367017299331,0.616827607155
1.0243498857462638,1.02320480347
1.1228335894598216,1.17678105831
1.2891624108826865,1.10875403881
1.2266267471418002,0.983811020851
1.1892663197552789,1.82992756367
1.6710946335725128,1.34213101864
1.4580968673087857,1.26566958427
1.5322877193357538,0.793037712574
1.2838528509984488,1.0306893587100001
1.3413320936566802,0.821023225784
1.1335268502998899,1.0991692543
1.2429921177061967,0.525535523891
0.9094741206825362,0.775839388371
1.0053529308035756,0.720975995064
0.5864601658926565,0.8666771054269999
0.9908666127407998,0.846204102039
0.9573256156153096,0.7614132165909999
1.027740145118587,0.658724606037
0.9472021818683432,1.07865929604
1.163567647435466,1.2819403409999999
1.3037955282672167,0.660000503063
1.0238748533089848,1.1125005483600001
1.3264675502129626,0.628070473671
1.1331813529062655,0.686457574368
1.0099025447039829,0.900040984154
1.1633335734808645,0.734256923199
0.883503297672068,1.0111212730399999
1.1337310559942209,0.882759988308
0.9435556062199407,0.7521411776540001
0.8730351079421932,0.9489411115649998
1.0607015708958518,0.6799052953720001
1.017566083611304,0.721156597137
0.7645642311796758,0.6504104733470001
0.9599709690497544,0.716710627079
0.9670833220476885,0.9056316018100002
1.0940962982786702,0.6526464819910001
0.9197991122284195,0.7056654095649999
1.0763949056041644,0.658105790615
0.6501166308043986,0.659279406071
0.6128507862420669,0.663406431675
0.5941025745945736,0.7808002829549999
0.9805223445163023,0.756590723991
0.9069903947841645,0.9280405640600001
1.1681095294812642,0.707382977009
0.9076695269999581,0.38883998990099994
0.8544634579609083,0.342241793871
0.8219815660431267,0.23373000323799997
0.6828682903069628,0.145912706852
0.6061176118674236,0.394953489304
0.5701251402097047,0.967840969563
0.9670082277337463,0.783922016621
0.869781744762776,0.8333759903910001
0.9784125014503934,0.9723259806630001
1.195522025628862,0.6905210018160001
1.175842760995883,1.3453240394600001
0.6342974151481023,0.7227010130879999
1.0202590991632017,0.6804850101469999
1.0259952879565497,0.7610610127449999
1.105200724318631,0.8075709939
1.0029589156018315,0.588663995266
0.9775240795810739,0.9960750937459999
0.5897655866959137,1.0454139709499999
1.1229155683018404,0.47130599618
0.892247654529493,1.04714095592
1.3689010274653393,1.12621426582
1.2585491387585945,2.5604617595700003
2.0037141467242807,0.7747610211370001
1.1175433062541982,0.717206001282
1.1447077475594083,0.800508022308
1.320522919092621,0.568039000034
0.899829532342245,1.19578003883
1.1459328758095773,0.797044992447
0.951087174019826,0.48993599414800004
0.8499468897952681,0.9918130040169999
1.113531321038658,0.744569003582
1.0377543796586786,0.6096370220180001
0.7657284578353218,0.856591999531
1.1434483025846731,0.814429998398
0.8797896243538736,0.760592997074
0.8380711318211966,0.915751993656
1.0858098684541497,0.742163479328
1.0213271542574098,0.732936024666
1.1317667412602677,0.8745691180230001
0.9049511975679022,0.9644910097120002
0.5596928559416444,1.4776719808599998
1.3953662125496091,0.6752679944040001
1.0576810636391454,0.5030400156970001
0.9855232657110791,0.706665992737
1.0902889424207272,2.9681959152200004
2.2971882332330127,1.2553009986900001
1.2469131212353106,4.08481502533
3.102349467321702,1.6923229694400002
2.07870402767139,0.412105202675
1.2738597996216698,1.03575098515
1.0680350761187667,0.640892028809
1.0161669356745242,0.706547021866
0.9936419248821659,1.06083035469
1.2244400091930674,1.88095402718
1.6568174992474465,1.88637399673
1.6648434820790419,1.32877397537
1.5285367106922214,0.39318400621399996
0.9579671477162238,0.6382430195809999
0.9519664871289212,1.04553198814
0.6924024614084884,0.658802986145
0.8272526255280441,0.80467402935
1.028424043546126,0.8740410208700001
1.2320733620926685,0.853255033493
0.9808361730807745,0.8952109813689999
1.013778322179425,0.730158984661
0.982045731705909,0.414941012859
0.972996072507245,0.270094007254
0.6888078904260176,0.49113199114799994
0.770222942553209,0.507916986942
0.7299128655912611,1.22402000427
1.0927522265665024,1.2676579952200002
1.3509223471830751,2.6334879398299997
2.061562400087413,3.99961543083
3.006962106589509,6.65141820908
4.578363265991697,2.10267806053
2.7295664646981077,1.28368997574
2.324797097304516,1.29134750366
2.6187086161356476,1.3537540435799997
1.6457158270187162,2.39019107819
2.0846914487816224,1.46144104004
1.4868025955766015,1.599208951
1.7669048102444203,1.4711509943
1.800421234900468,1.29820501804
1.528682027192544,1.57962203026
1.6233657891553177,1.3603550195700003
1.5505709075906329,0.803641021252
1.228472753908654,0.427668988705
1.0224878856911095,0.269407004118
0.8213694255813084,0.389717012644
0.7493073755514138,0.417917013168
0.7620115540847224,1.54603600502
1.4935436077216704,1.01761102676
0.9043410165486904,0.865315020084
1.1791432037557619,0.619410991669
1.1121564278238705,0.845414996147
0.6057721144737993,0.804859638214
1.051453955036034,1.4358890056600002
1.215458136117003,2.56575202942
2.0304403083805584,6.206179142000001
4.087509124034525,0.9309499859810002
1.082088728070888,0.907775998116
1.8628819102432288,0.460979789495
2.0132442400668684,0.5264570117
0.8783840685101918,0.794224977493
1.1421566592017034,0.9704009890559998
1.0317996865357637,0.669588983059
0.9575984547587726,0.6997730135920001
1.120415531367718,0.6903669834139999
0.999184287731206,0.63616001606
0.9777141984718021,0.9726700186730001
1.1942028441335861,0.639338970184
0.9219119209371921,0.512377977371
0.856458435323756,0.569913029671
0.816058012170281,0.83180898428
0.9344908010595083,0.46941101551100006
0.8093037605481419,0.9054309725759999
1.057965341690797,0.848275005817
1.040347410679742,0.656663000584
0.835764656041841,0.63240557909
0.9904019600535436,0.326855003834
0.756534382420776,0.304740995169
0.7598030504356863,0.21594800055
0.7062313070399573,0.214847996831
0.6438582240774932,0.151231005788
0.5895273820244665,0.415333837271
0.8063756118834774,0.734420001507
0.4392803415671542,0.9913370013239999
1.0930531334013542,0.791000008583
0.5363710404612924,0.742917001247
0.7703530601338551,0.74265486002
0.9940048983855228,0.8799139857289999
1.0741866667446698,0.73768299818
1.0135396938447114,1.24034297466
1.1822535276249126,0.8343409895899999
1.1092167343352008,0.305472999811
0.8230594713082751,0.892946004868
1.185021743406569,1.28586602211
1.1160756307841029,0.41464000940300005
0.8192171102729583,1.09013700485
1.0651142356454448,0.592383027077
1.1028350945557257,0.377326011658
0.7597088383168548,2.6935973167400005
2.1362406767021977,2.2886660099
1.9122033048782454,0.895527005196
1.292170314157222,0.8070570230480001
1.5477596899874524,1.19486296177
1.474055838885035,0.8929409980769998
1.0492565195898285,0.977608025074
1.0458765340517118,1.8325070142700004
1.6931994763205709,1.4037929773299997
1.4623075505961958,0.7223749756810001
1.1571959637427476,0.6599410176280001
1.1977267692664102,0.740734994411
1.111950421560658,0.555365979671
0.9026871410730796,1.2367689609499999
1.1816979991670464,0.6214020252229999
0.9842337406444405,0.710873007774
0.5868085759712361,0.30647799372699996
0.8336870643420752,0.6473349928859999
0.9412196328856726,0.545826971531
0.8478580180610383,1.02424776554
0.9513342756198644,0.8176820278170001
0.895314870661303,0.7440620064740001
0.9635510295653562,0.736715018749
1.0158247216712133,0.576856017113
0.9172670887176957,0.9152600169179999
1.048731071223866,1.13702905178
1.1083780928996654,0.49600800871799994
0.8840077747063514,0.49413600564
0.9424510101690188,0.8834533095360001
1.1793211423275856,1.27152490616
1.2710066393551311,0.886436998844
1.143370560375317,0.898828029633
1.252374670316314,0.9049779772759999
1.2187834690937738,0.829931974411
0.9844369930964224,0.8756300210950001
1.1441744614230203,0.550292015076
0.9459265317736741,1.07391941547
1.2771134275906284,0.849192023277
1.1168058144234791,0.6393229961399999
0.9669661791545714,0.7995309829709999
1.1369409407309394,0.9646000266079999
1.0614874662547396,0.841355979443
1.028963366884058,0.701144993305
1.0444716666608376,0.72400701046
0.9591138982621372,1.01030802727
1.1493789528172285,0.65380603075
1.0645880458687664,0.793285012245
1.038000951679634,0.6538396477699999
1.004908190289833,1.1607899665799999
1.1969393910860906,0.808578968048
1.01885168979273,0.374377012253
0.7806411400176666,0.25569999218
0.723506706300252,0.489315003157
0.7336838393662153,1.1518440246600001
1.0483459613148476,0.737277984619
0.9765507132268719,1.08875095844
1.150893019414978,1.9758529663099995
1.7331398011669021,0.8547700047490001
0.982983828093196,0.7977370023729999
1.2191759931099513,1.0524289608
1.4048047946266877,3.17945098877
2.423656166671968,1.79706799984
1.7374467619315666,1.05670201778
1.6561790387052127,0.875126004219
1.3448267860241332,0.664539992809
1.075549697388002,0.757168412209
1.0784846246649267,1.36848402023
1.4002163096216023,0.9052469730380001
1.2431957938214449,1.0320609808
1.2230556894706062,0.614133000374
0.9607304913703183,0.9733130335810001
0.619679337809524,0.645228981972
0.7786202662376696,0.48943901062000006
0.8794730949360791,0.8408679962160001
1.078303296786973,0.7771940231319999
1.0340034769309627,0.675535023212
0.9306421380331061,0.659205973148
0.9167280831272133,1.08415305614
0.5973314182624567,0.9314100146289999
1.0906263902122926,1.3594796657600001
0.7112953011034966,0.763398826122
1.0976787948580529,0.535733997822
0.9420997933213002,0.6781889796259999
0.6803812280603695,0.7839810252189999
0.9578853807058382,1.16936767101
1.1003542283844012,1.01528799534
1.080336033138425,0.925943017006
1.1253184804321754,1.31924402714
1.428156054704044,0.9717460274700002
1.1793894580292679,1.1762996912
1.2985161543906991,1.71460902691
1.0942448981693063,1.30733704567
1.4311829169097439,0.6186890006069999
1.1401814351386443,2.2984359264400003
2.0071066303287517,1.80824100971
1.6276878958817507,0.879414975643
1.2685555355282603,1.57094502449
1.8219954394075522,1.5785160064700001
1.700435327160616,0.620030999184
1.0984870384542351,0.9928810000419999
1.3702303768790052,0.455186992884
0.9724695649831169,1.0173989534399999
1.061033511064956,0.8378469944
1.0581116114334688,0.488476991653
0.8710583480997941,1.2463409900700002
1.3921819594404985,1.20963096619
1.2492623340466489,1.2524510622
1.288914567871932,1.51972699165
1.4660402358034628,1.06379795074
1.1454444979794114,1.57149505615
1.6362968393677015,1.27810502052
1.4644365644249022,1.19207799435
1.3230334416925829,0.830443918705
1.2454036090176734,1.40201568604
1.471849400594422,1.156504035
1.3688660752458741,1.1625548601200002
1.3847080098448228,0.60075199604
1.0693762881038873,1.25383579731
1.3500798927781434,1.79184401035
1.5752208014948519,1.73406255245
1.5983876621355741,4.93997097015
3.538006852467547,2.39435100555
2.3212224384955586,2.2125759124799997
2.4063241024498128,1.88652706146
2.9766401029609617,0.9343829751010001
1.389032976298303,0.909982979298
1.4960197076812496,0.8112999796870001
1.261499317913104,1.04970896244
1.2122379775460779,1.35178804398
1.3483537827156375,1.27730596066
1.3459718419169815,0.7854449748989999
1.1504268839062899,0.48462298512500007
1.0084342337389882,0.6676359772680001
0.9698156323675305,0.832251012325
0.9100295432245856,0.5959370136259999
0.7950879514808648,0.341089010239
0.7491204870930908,0.686011016369
0.9749543500396541,0.8153510093690001
0.9496166388226834,0.39854300022100003
0.7184973118401502,0.699815988541
0.9712902982815189,0.42636901140199995
0.8236357592661872,0.686613976955
0.9388714792324999,0.182677000761
0.5190749876167682,0.701882481575
0.939408366506651,1.7966820001599997
1.649252144302078,0.720426976681
1.0071621847820824,0.46806401014300003
0.9880720239208196,0.6408870220180001
0.9944755882743229,0.7520520091060001
0.8957192572489355,1.00181758404
1.0106681042260908,1.6608040332799998
0.5934042716159823,1.45059502125
1.4355221819984598,1.0850100517299999
1.2550201296665755,1.09955501556
1.4105980720451627,0.769418001175
0.7385957912750802,1.25443041325
1.3980911087622918,1.49632096291
0.6860559856801118,0.718636989594
1.1071379246035444,0.890201985836
1.2121672257806146,0.989175975323
1.308610461288111,2.84901452065
2.2624275095639983,4.28107500076
3.1087054754735695,1.24873900414
1.3818066578817483,0.70965898037
1.7176031159512841,0.7497439980509999
1.6116241735629218,0.8907449841499999
1.236594484638421,1.46952795982
1.3826509128555615,1.60888803005
1.5105182060629299,1.04346096516
1.289115384260133,1.18475103378
1.4538937040443516,0.506372511387
1.2034394447484815,0.694615602493
1.1066309055896637,0.929911017418
1.1443017722345272,0.775462985039
0.9719209210533273,0.856469631195
1.0700678124702188,0.926900982857
1.138485616999675,0.7506660223010001
1.0524228729259402,0.9248849749570002
0.9481715234215158,1.07016265392
1.2090064859827805,0.8752880096439999
1.0628815302323245,0.7511039972310001
0.9421675794438997,0.8627579808239999
1.0408050729231049,0.509657025337
0.9091700363731875,0.8495249748229999
1.0279129997312157,0.671136975288
0.877579108304323,0.613218009472
0.8560723192144803,0.381054997444
0.8066541704810346,0.871042013168
0.9962945865079534,0.654031991959
0.9603890187777234,0.9089673757549999
1.0452145601982012,0.9709029793739999
1.0696493390789834,0.9856920242310001
1.1950116173088512,1.35625624657
1.3894824830237906,1.30987298489
1.3949540941073677,0.634491980076
1.226373290592768,0.593350827694
1.0678813922689356,0.879638016224
1.1830262894225467,1.13183641434
1.0961262808188916,1.84127402306
1.598122343015087,2.26174592972
2.030008807343886,2.5979759693099997
2.2577506907679004,2.3991920948
0.9596478198934247,1.98229801655
2.223969688402081,2.2695479393
2.4232229709822306,2.0178899765000002
2.093637098648423,1.45226204395
1.8448575802440264,1.34279799461
1.83849754729113,1.3119150400200001
1.6134818310695973,1.2767620086700002
1.4266792704737243,1.2752670049700001
0.7104866338440481,1.2104460001000001
1.392976116233078,0.815348029137
1.1641744391485478,0.72711199522
1.0897187975801756,0.604301989079
0.9741697256705651,0.9830358624459999
1.1009490516102116,1.10152900219
1.263022175523628,1.1837249994299999
1.2381838573817456,0.435640007257
0.8953833981946184,0.327004015446
0.7109045776562005,0.803984999657
1.1905203630233692,0.421685993671
0.6704420878342203,0.573455989361
0.7417478989338645,0.39594578743000003
0.5827522120285564,0.416375011206
0.8943232867866524,0.560397028923
0.9769452496435642,0.774905025959
0.9142661758870533,0.637084007263
0.9599592123941161,0.383926004171
0.6848893229606847,0.564873993397
0.8925417827520847,1.05471503735
0.885118355000909,0.6537709832190001
0.9393246930115674,0.593102991581
0.894994687147837,1.02260899544
1.274114950823767,0.8359869718549999
1.0075944272294706,0.637534022331
1.013650481788835,0.9755985140799999
1.2593332335486007,0.48980799317400003
0.9061602266139539,1.0986479520799999
1.182723899766263,1.1511659622200001
1.2838026469013986,0.8061249852179999
1.1040924212141296,0.47447699308399993
0.9629716700487637,0.789602994919
1.1587050522971185,0.476253002882
0.5715463715942378,0.545522987843
0.9473061912002068,0.6212809681889999
0.9706392337571143,0.7707700133319999
0.9023281923707519,0.933706998825
1.0725164802333085,0.8110550045970001
0.9933123148610259,0.600552976131
0.937992589786671,1.00252103806
1.0826833394650652,0.8921650052069998
1.063356774501237,0.9160850048070001
0.4719363061294549,0.741342008114
0.9834907411912602,0.9283249974250001
1.3375291862630325,0.642940998077
0.9145750264081473,0.9950090050700001
1.2639168464261246,0.627136588097
1.1004287931192607,1.0386890173
1.161739540441611,0.6888009905820001
1.049702742925003,0.5214130282399999
0.7941029873447494,0.651027023792
0.9543822150730602,1.1597019434
1.1728579473693581,0.645640015602
1.0123342659364227,1.19586265087
1.238645332594505,1.30470395088
1.3514035227377148,0.8844429850579999
1.2014838151114864,0.7697709798810001
1.1271739137067032,0.770210027695
1.1191186981097367,0.641828000546
1.020558205429172,0.893715977669
1.1007078812959008,0.5247250199319999
0.9044231013065257,0.514221012592
0.9618826436228765,0.717274844646
0.5789103805723226,0.641076982021
0.9816549023427964,0.4689820110800001
0.7601927147248168,1.2037500143100002
1.3084670512724867,0.7911959886550001
0.9838828415441716,1.13630115986
1.1583565892606307,0.8642929792399999
1.1739459146370799,0.8814030289650001
1.0956033744325266,0.58174097538
0.9595312065793903,0.865119993687
0.9958008069711428,0.907812476158
1.1160954370418,0.7377740144730001
0.970917898270488,1.1203750371899999
1.2578503062009205,0.9422479867940001
1.163323087815025,1.06006002426
1.2235452323747542,0.715842008591
0.8893178112117635,0.404020994902
0.8758334038157531,0.29207798838599996
0.8863962293277258,0.631792426109
0.8682939982454422,1.12466526031
1.0340881036683955,1.11569094658
1.1740251396678678,1.24741899967
1.3376180496331278,0.697616994381
1.0987145456282097,3.69397497177
2.6884272787241152,0.820483982563
1.238993054220277,0.85730701685
1.3205497157942112,0.690235972404
1.4097538170713493,0.8385969996449999
1.246998595299276,1.28772699833
1.3475332528847341,0.9632229804989998
1.1334982530294182,1.34329998493
1.4002119670731232,0.7316169738770001
0.7724259385797839,0.6809219717980001
1.1063162296986588,0.701478421688
1.0793258080800596,0.669803023338
1.0250704310463332,1.36564302444
1.0350292716143628,0.9781420230869999
1.077819049673653,0.67867898941
1.034543012100528,0.597633004189
0.9920303098173632,0.819377481937
1.03671375676096,0.791110992432
1.0251497619929377,1.0441473722499999
1.1974643098729703,1.4000159502
0.6375036457891496,0.874862015247
1.1434696975796186,0.622817993164
0.7496688132754306,0.7164059877399999
1.1409074880611747,0.6523500084880001
0.9593869492372332,0.9379299879069999
1.080779714494002,0.593699991703
0.9097531029433596,0.539344012737
0.9217939307175425,0.9370089769359999
1.1048408223739545,0.808772027493
1.020255180277989,0.56542801857
0.6057944627110938,0.602082014084
0.9896029311334023,1.14667999744
1.2389249503502278,0.9824249744419999
1.1285759213705302,0.567151010036
0.898173538550303,0.786639988422
1.0843859362162944,0.7388439774510001
0.9039036901421071,0.681029975414
0.8650634599244941,0.708697974682
0.9807574776290692,0.6642330288889999
0.9715562528969054,0.512479007244
0.9161166311182026,0.604038000107
0.9421780651097393,0.672879993916
0.8512702549652981,0.8265414834020001
1.0109975024155977,0.454686015844
0.8199827757108827,0.559450984001
0.900368432016911,0.133221805096
0.6527059547718823,0.163306996226
0.5429733028866655,0.17978604137899998
0.5342169775419691,0.57479184866
0.9447745913527492,0.8508148789409999
0.9385503424766848,0.852764010429
0.9124415641151451,1.6876280307799998
1.4328996004645758,2.1495220661200003
1.7368754520170329,0.812285006046
1.1484886244632109,1.2396399974799999
1.7009716848556844,2.12843728065
2.046340814426066,2.1392390728
1.669605563107472,0.9779880046840002
1.4126564400242225,0.6937779784199999
1.3163990867747917,0.721879005432
1.2455503024236112,0.7631160020829999
1.084416228139831,0.856532990932
1.0849776878834245,1.1093380451200001
1.1892629304491489,0.647634029388
0.8330842974300225,0.9241870045659999
1.1349934666118195,0.7877320051189999
1.0158759849264292,1.3055670261399999
1.3509491438846652,0.910771012306
1.2188279537367297,0.869964003563
1.14309507333644,0.574302017689
1.030794121773327,0.859953224659
1.1378062729522485,0.47758498787899994
0.8163293684923121,1.1080174446100002
1.134210430979979,1.29072499275
1.2936027196604023,0.859157979488
0.8363858523059753,0.305898010731
0.8385077168170639,0.903901994228
1.1845562433927803,0.635275006294
0.8936778358005255,1.0234229564700001
1.178576554137157,0.673066973686
0.9913360316398012,0.850479006767
1.0386296679667444,0.51419699192
0.8841924918904349,1.52795660496
1.4238036560540743,4.09438562393
0.6399767801058651,0.9952359795569999
1.2881138442987257,0.8670449852940001
1.5158633536615322,1.14105606079
1.7695409490028242,1.6222579479199999
1.5800075609085409,1.9802049398400003
1.572235034625978,1.3755470514300001
1.5633118389122884,1.8518650531799998
1.9039899569671526,1.42092394829
1.6843338988110912,1.5891779661200003
1.6556194854463173,1.67319941521
1.8093999305020358,2.12393403053
1.9264724955170696,1.64840197563
1.8019474818171222,1.2047419548
1.5889306507064138,0.792083978653
1.3766826625081268,1.22702741623
1.4611477724048452,1.2269510030700002
1.2971653040662714,1.13134396076
1.28131913283466,1.25246500969
1.4239411347839714,1.1168919801700001
1.366263088138054,1.1223870515799999
1.3598693739554908,1.0401530265799999
1.2962339862912444,0.809131026268
0.8982186586881583,0.7681059837340001
1.0745361889393232,0.7982919812199999
0.9660109244050015,0.766672253609
1.009102668457309,1.05736005306
1.132676240377083,0.8607699871060001
1.0553049482104004,1.0707770586
1.2011065429728938,0.53015100956
0.914969456909023,0.660418987274
0.9592369724409819,0.990917980671
0.9176938235426227,0.356153011322
0.7897966091170758,0.961823999882
1.0434605942759396,1.24482905865
1.3003540056396776,0.8381230235100001
0.9426253476030794,0.9245989918709999
1.192771074125305,0.8131660223010001
1.1490476481430236,1.00306105614
1.1806884096035806,0.875234007835
1.0139194020470852,0.7991399765009999
1.1578504175732822,0.881296157837
1.1252902009091534,1.06308019161
1.0946742808896475,0.9057049751280001
1.1489793324413413,0.690955996513
1.0729943723976347,1.3559700250600002
1.3324795437926373,0.757239997387
1.0432882692423937,2.04375457764
1.7568184470332504,0.8576130270960001
1.0764409789843687,2.36495709419
2.0283423278861044,4.17923116684
3.2286324717449406,2.23356199265
1.7553261990937126,0.8013390302660001
1.7386886248807525,0.83728402853
1.875873544302686,0.8851529955859999
1.3171095700722875,0.9040349721909999
1.189573157875858,1.30293953419
1.1439471660806788,0.722869992256
1.0019987887247,0.800912022591
1.057487343610654,1.03291928768
1.2993859350763037,1.3216282129299999
1.3225579855920375,0.93677598238
1.2108926348441111,0.700770020485
1.0146467259594143,0.762431979179
1.1205539633399642,1.14493894577
1.224578335249497,0.772161006927
0.9948624987522228,0.8772150278090001
1.0128176657232104,1.2435050010700002
1.368966801187424,0.638184010983
0.9320353546841587,0.746819972992
1.0114501866155825,0.683992981911
1.0422277341711614,1.4195051193200001
1.3088457003166947,0.614147007465
0.9429616303206627,0.7347676754000001
0.6490205080188017,0.6770560145379999
1.0447582748604534,1.07402694225
1.1729156714893842,0.615638971329
0.9142645871498049,0.9692379832269999
1.1778193619645574,0.9916120171549999
1.234136708115107,0.808956027031
1.1321121327380754,2.4351439476
2.000503626492663,0.822347998619
1.1600935027364259,0.593822002411
1.2164864727800004,0.576224982738
1.1475497866652082,0.42242398858099994
0.8941314732428592,0.676587998867
0.8122359340138358,0.552034974098
0.5061045896785318,0.9015229940410001
0.9822332027012233,0.748996019363
0.9716060333306894,0.8627583980560001
1.006572869178733,0.9480749964709999
1.1437392533327682,1.05561387539
1.1852185349937405,1.9700200557700003
1.699507186860086,0.9391199946400001
1.1955911886570767,1.00904297829
1.2967267066698893,0.7824029922490001
1.2348566179202767,1.01626503468
1.1805566503277778,0.878274977207
1.0548344701532335,0.735361993313
1.089516180623093,1.1099909544
0.6376736936326394,0.772719979286
1.0053708305765745,1.16498196125
1.2580070616094319,0.715721011162
0.9530416385828389,1.47547900677
1.441811992764976,0.835452020168
1.1662196735663541,0.734466016293
1.1028196308465077,0.786192774773
0.7449296630212859,1.14346504211
1.0200527751525394,0.924699008465
1.0991386325577226,2.95876455307
2.2749594689795773,2.13832402229
1.9382721529769413,2.03871202469
2.0187880857373406,1.4802099466299998
1.92152156658771,0.9367650747299999
1.5663495045312776,1.71593976021
1.8426740197697906,1.00140202045
1.357201036788852,0.889622986317
1.2281990674386585,0.749293982983
1.217232755623494,1.1151839494700002
1.152322565191111,0.9457820057870001
1.1913604872803365,0.645218014717
0.9485815235474261,1.16484200954
1.2671447368516586,1.2443510294
1.2709443608549928,0.9045109748839999
1.0952275851153657,0.5575259923929999
0.8432649257179323,0.577834367752
1.0182056033117037,0.719983577728
0.9355242216817007,0.76077902317
1.0156569510177798,0.540440022945
0.5569508013666787,0.8009672760959999
0.5214356393362952,0.771014988422
1.0541913493150707,0.670971989632
0.9453008870452442,2.7689704895
1.7327617876175934,3.08613300323
2.3895444951268434,1.11635804176
1.3662380920053454,1.01826095581
1.530173004142283,0.744261026382
1.4433511614112504,1.1143867969499999
1.3180614355157274,1.3805164098700002
1.4027623140201122,1.22909843922
1.322408538374869,1.57323896885
1.6107891332651494,1.24559795856
1.458816883029772,0.829861998558
1.2261691908142536,0.537698030472
1.0670163777950763,0.8593800067899999
1.2960461975484805,0.794964790344
0.9639765993163011,0.812288999557
1.0121018866348865,1.20946097374
1.2795685562185284,1.04361104965
1.0953631573605647,0.9914460182189999
1.1545912819818624,1.37764596939
1.3565198921725439,0.7495359778399999
0.7883800909863797,0.754966974258
1.0886550850344465,0.852221012115
1.214557957592045,1.31262803078
1.2901591846323486,0.949999988079
1.0976276375186536,0.8433979749680001
1.0058684230827812,0.632993996143
0.9928802842452707,0.6848490238189999
1.008247715986023,0.829603970051
1.0565091051288904,1.11777603626
1.151646928197264,1.0605150461200001
1.1633444828099704,0.9966710209849998
1.2195727537587915,0.6726049780850001
1.1034264225595896,0.84998100996
0.7689122872811663,0.792970001698
1.1871408011485187,0.7509549856190001
0.945469610941027,0.9556260704989998
1.063400941396743,0.6085839867589999
0.9974490689084758,0.778249979019
0.9402326033911341,0.509814023972
0.8807110919579604,0.636431992054
0.8791095918536393,0.6015599966049999
0.8403616672701598,0.65563338995
0.8846106475342205,0.638554990292
0.9439968515117367,0.8762890100480001
1.0156939156377598,0.7967479825020001
1.024394794052486,0.682483017445
0.6293900705772578,0.802550017834
1.0481189837199558,0.795031189919
0.9942103750696525,1.58489704132
1.4566087500860938,1.0174859762200001
1.2368055748608284,0.917778015137
1.0269867659153837,1.2302210331
1.273456472192203,1.0278990268700001
1.2152849637569245,0.9125559926029998
1.1369737746340736,0.793597996235
1.1374921266403264,1.0304379463200002
1.1865715036344997,0.532537996769
0.8933985357922523,0.612778007984
0.9276886754882834,0.874128997326
1.1607833324496921,0.366723001003
0.7094186317077483,0.7391750216480001
1.049861192986579,0.560423016548
0.9003876027797086,0.775817811489
0.9518788947486246,0.8102909922600001
0.7216449710346389,0.6437510252
0.9609117133324554,0.723645746708
1.0494445201642255,0.9113870263100001
1.0642339692940006,0.662783026695
0.9334742210521492,1.0020359754600001
1.153750204482546,0.8224419951440001
1.0584869770873633,1.0305769443500001
0.5729434012146866,0.678113996983
1.01350738952066,0.533345997334
0.6077752473545224,0.320995986462
0.7888831911150478,0.7608630061149999
1.035976476761874,0.7439860105509999
0.9611036327920651,0.546840012074
0.6986967206393,0.7004669904709999
0.9573127998015056,0.8356525897980001
1.0175555979454645,1.27425897121
1.2700332730009292,0.893445014954
1.0990382243636223,0.621165990829
1.062427363210908,0.790015995502
0.6788018643617099,1.06749498844
1.1646235222107695,0.66980099678
0.9127103784575786,1.26569497585
0.5810511510566674,0.638062000275
1.0208038242077786,0.9348030090330001
0.9811149435099649,0.8006410002709999
1.0885867693327642,1.08570897579
1.2112875949240698,0.352703988552
0.8009894219059575,0.588370978832
1.0268649627263378,0.48754200339299997
0.8355351364673518,0.46368801593799996
0.7099603381515531,0.363703995943
0.7222549402222177,0.875024318695
1.1970152268107486,0.6435279846190001
1.0258268818082168,0.4834130108359999
0.6859732124694689,0.212089002132
0.705892958963951,0.45604699850100006
0.7639043756424965,0.43679100275
0.7504043456635433,0.723880410194
0.8428202911200063,0.556069016457
0.8725049463223937,0.474842995405
0.7710892809747754,0.267464011908
0.7232644238698671,0.958843708038
1.0411738717963728,0.78689801693
0.9248612527651691,1.7943609952900001
1.476838459217744,1.33767795563
1.4349686659411085,1.2104539871200002
1.3839265629502306,0.56547999382
1.35098473159903,0.40084299445200006
0.9172059752915397,0.272765487432
0.7804236948462655,0.583644986153
0.8799650209460999,0.853380262852
0.8549872116738059,0.866061031818
1.0028069264050656,1.15834999084
1.2342572403143541,0.7764859795569999
1.021815214340126,1.06880700588
1.1992805542953702,0.5888479948040001
0.9817859202078832,1.5888684988
1.4272589477377664,0.432785987854
0.8777189171821843,0.399603009224
0.7980640800104317,0.554534971714
0.9614009384891539,0.6221979856490001
0.8774550808831292,1.14955198765
0.9929045389672634,1.12126004696
1.2396734574258692,0.9776459932329999
1.0972056689054719,1.73274195194
1.6592044180894807,2.30270791054
1.9956045963134181,1.05347704887
0.8395871578615525,0.796280026436
1.3618708651410572,0.520332992077
0.8933995949504179,0.610480010509
0.970182101092834,0.445305794477
0.7942895580556227,0.652213871479
1.013186994175561,1.17554116249
1.1619507365798352,1.0322021246
1.143751857314939,0.7193930149079999
1.011872684807847,0.820013999939
1.1247196324053355,0.9497330188750001
1.1537797549953668,1.0391149520899998
1.1115880835522005,0.58838301897
0.9518403413913962,0.950855970383
1.196385875028739,0.527760028839
0.9764746656705806,0.773606300354
1.0429166106420789,0.970355987549
1.1938725986175467,1.38388991356
1.4133018910103494,0.779523015022
1.031789730449007,0.606999993324
0.9792142841817654,0.466057002544
0.9195209772941285,0.945527017117
0.92825712567577,0.623872995377
0.8773118826991377,0.39232400059699996
0.7384038188575622,0.5156549811360001
0.9662176720789298,0.967938542366
1.0316523576349264,1.3565659523
1.2666569945163921,0.9072690010069999
1.0924467653515384,0.816276013851
1.1570620861506136,2.47986698151
2.0387400835979657,1.1330800056499999
1.3398173915640315,1.04558396339
1.4611112314481314,0.847437024117
0.977217876955394,1.5365229845
1.351785561088053,0.900898993015
1.1707989438953987,0.48120099306100006
0.9474593454709549,0.85725402832
1.22365718539286,0.861747980118
1.0468006495512125,1.0086940527
1.1444008035230124,1.12772703171
1.2445442080820919,0.77955698967
1.1852402477361357,0.989550292492
1.130075159753961,0.8363329768179999
1.0673067989640885,0.9099559783939998
1.098052359943066,0.551105976105
0.9431692253211236,1.23976433277
1.2923351191677919,1.21183896065
1.3248852738293475,1.37998199463
1.428091975635024,1.14846098423
1.3098491467628002,0.766390025616
1.1033732528196758,0.9660840034479998
1.2807106464685132,0.815675020218
1.1545183059842514,1.1422729492200001
1.3531275144838895,1.2994799614
1.331915647985263,0.858331024647
1.1155650106324588,0.714946985245
1.0822104253441172,0.8764400482179999
1.1523765822575576,0.830546021461
1.022771422332045,0.853524029255
1.0393076351085557,0.909241020679
1.1006814023417604,0.520272016525
0.6562133570373228,0.741104006767
1.0331286122861632,0.585331976414
0.9059215982792405,0.504777014256
0.8183236044444439,0.5519493222240001
0.8995233297165652,0.969752013683
1.0577870853715237,1.11651599407
1.2548238676584869,1.0498449802399998
1.168703081717276,0.634262979031
1.0179707879463864,0.5644329786300001
1.0034989803504797,0.9184709787369999
1.1505975142867708,0.9593539834020001
1.0507866853916952,0.598415970802
0.6907963539661469,0.9383450150489999
1.1375073785179113,0.45422500371900004
0.8561389402630977,0.7079470157619999
0.9865787168231163,0.38765001296999996
0.9042238736555731,0.448433995247
0.5121809271167677,0.840570986271
0.8685980295968826,0.533711016178
0.841181773437797,0.721135020256
1.0013870189682395,0.521538615227
0.8340150856259667,0.705075979233
0.9051918383031304,0.640564978123
0.7300699917051303,0.516858994961
0.9670516532185366,1.66040945053
1.6568811546532,2.46530795097
1.919329109184883,1.62215602398
1.491154570563305,1.8662700653100002
1.9352082202354448,3.62353610992
2.8853660888807586,0.794870972633
1.2323441888356168,0.906598985195
1.4989229661290222,0.8571879863740001
1.7402187906826192,0.775637984276
1.0182559133245705,0.700670003891
1.0175279539173419,0.6443409919740001
0.9674534978265716,0.7579550147059999
1.0246911465072257,0.549960017204
0.8919373211869672,0.49646699428599994
0.8681635099594383,1.36767756939
1.470379183144729,1.3978940248500002
1.3143453790916606,0.814813017845
1.0702785849451764,1.27889895439
0.8462784954886539,0.862398028374
1.2383554410045756,1.09386599064
1.2511939207932845,0.813471019268
1.156751011397372,1.46668708324
1.3597039334500214,0.9060310125350001
1.076188369761869,0.7652140259739999
1.0513102272729598,1.3110339641600002
1.4419154725177568,0.789250016212
1.0745226317148033,1.47490203381
1.4921459426063224,0.9167850017550002
1.21586453510515,1.18614006042
1.2083827477390487,1.4113919735
1.5310113278303688,2.09247207642
1.6833127644236199,0.718922019005
0.9287825740417325,1.3018610477399999
1.5224283337194755,1.26897478104
1.5404912170759064,1.2219970226299999
1.3276639752768435,0.906111001968
1.2805014627308038,1.0788739919700001
1.3112100590898013,1.0280250310899999
1.1955696877463147,0.7863690257070001
1.1056671775747688,1.27685296535
1.3965509868736683,0.709342002869
1.0681269051317257,0.520192980766
0.5089816869196135,0.564561009407
0.9120298693361698,0.9855200052259999
1.0885144288300526,1.09284198284
1.275000089302773,0.47868999838799997
0.8966326752509636,0.39550599455799995
0.860878037559334,1.85070300102
1.4907027336898526,1.1957960128799998
1.295161164985291,1.70251083374
1.580403368315032,2.9983510971099996
2.395115031583089,2.40708088875
2.1750433597628396,2.5859439372999997
2.486548343051401,2.23383903503
2.1733190502692152,1.65577304363
2.091419433281254,1.4306110143700002
1.9322254190094346,0.8921740055080001
1.453574367857418,1.23169696331
1.5175268674764502,0.895507991314
1.1838313555442321,1.60203301907
1.605524693518767,1.58539903164
1.5706608078444213,1.2320599556
1.3832783581528731,1.21037101746
1.4697477130463883,1.24214100838
1.3944061915882942,0.9857040047650001
1.2729566554538483,0.728968977928
1.114388921405358,0.6761519908910001
1.0886896135906456,1.07157301903
1.2341029209696237,0.9457439780239999
1.0996702240410459,0.43763700127599997
0.861999262393456,0.514182031155
0.9046951990392726,0.338719010353
0.7849655239341556,0.714428007603
0.7848924949786363,0.499619990587
0.7817725857280869,0.79173797369
0.9689580320008305,0.864624321461
1.149235330969971,0.602496027946
0.9009618783371062,1.2600699663200001
1.2906272266257346,1.01233994961
1.1661978549081424,1.00452899933
1.171173674054394,0.631023526192
1.1194095429420152,1.1412210464499999
1.25122548370662,0.542609989643
0.8504328315616531,0.854745984077
1.1851909968814345,0.7744219899179999
1.050047287076278,0.308434009552
0.7187004054184073,0.837620973587
1.0422155538522568,0.7293469905850001
1.0810852816247825,0.7503905892370001
0.9883782265464994,1.13482201099
1.231664632956557,1.61424005032
1.5739302172700478,1.2447930574400001
1.4204677314956473,0.714163005352
1.153192981371615,0.729304015636
1.0598994704170301,0.648698985577
0.9703858831238987,0.342799007893
0.6512092054101408,0.386186003685
0.7453615877212245,0.636629998684
0.9666306378477039,0.39904800057400003
0.8406480106802343,0.417885988951
0.6972179240084656,1.10379052162
1.1331127194571338,0.695618987083
0.8658181630754044,0.8070139884950001
0.5895903489774124,0.594769001007
0.9874057075188301,1.1076079607
1.3033989794500096,0.971358001232
1.1363563913393355,0.717034995556
1.0064660001198222,0.67648100853
1.050198111199062,1.6877729892700002
1.564857998002456,0.990756988525
1.155627350499469,0.808203995228
1.159299663691296,1.08771896362
1.3720777605514742,1.5648180246399999
1.5045784470701502,0.667380988598
1.0212005848566186,1.2564899921400001
1.1852548641188212,1.09188604355
1.3418819026604518,0.737550973892
1.1649368211961588,0.6224380135540001
1.0414195964907957,0.8364729881290001
1.0024592047792935,0.577426016331
0.8907394133016545,1.0157610178
1.1364391115920702,1.10615897179
1.152674947112812,0.6945540308949999
1.1687986177838148,1.13090395927
1.2863512991953225,0.951821982861
1.0868258129666095,0.752457022667
1.012150819742138,0.558522999287
0.9556160284201873,1.4158363342299998
1.447938693173987,1.8552980423
1.6456369197353777,0.7845479846
0.9664457088319872,0.8210539817810001
0.5546032302504972,0.583589017391
1.0773534437440477,0.835972011089
1.0236110170099295,2.18466305733
1.7787294638370006,0.680548012257
1.0393044576340589,1.238904953
1.4421243385080162,1.03032803535
1.5554748098974391,0.791410982609
0.9854878898283475,0.842372000217
1.1831189657620382,0.446471005678
0.8935959628743233,0.558933794498
0.8845361357572693,0.709932982922
0.9461575341695951,0.7334340214730001
0.9107638575808079,0.7833399772640001
0.8817046352752174,0.842680990696
1.1121770814081,1.09976100922
1.1188674657928523,0.8706315755840001
0.6021147883700159,0.586246013641
1.2023942674706507,0.8863990306849999
1.1334447655420545,1.0193990469
1.2009328410337325,0.849361002445
1.043968884279619,1.0106669664399999
1.181508198023768,1.33151602745
1.3048689850680695,1.2150089740799999
1.3547037536659605,1.64559102058
1.5582645265898576,0.970878005028
1.29877427123566,1.4112720489500001
1.538047527356195,0.7953929901119999
1.2228927909447342,1.04633104801
1.2601873386933542,0.887933969498
1.1761763958180524,0.8349300026890001
1.1053186086224642,0.9847199916839999
1.1682255073003993,1.09039402008
1.2929683898350144,0.490164995193
0.6654706112364477,0.6141669750209999
0.8261081521721868,0.631474018097
0.8892399630865906,0.825244009495
0.9990550704350007,1.05145096779
1.1552312253455284,1.0471149683
0.9952935761256289,0.39214301109300004
0.8968937577387881,0.46951499581300005
0.8251934102224517,0.772090017796
0.9560716782630357,0.7520099878309999
0.9883546073194062,0.687739372253
0.9128167179374066,0.6718119978899999
0.9512032577547777,1.18593323231
1.289226807699156,0.657198011875
0.9665721723169618,0.8213180303569999
1.0494224896743807,0.7795739769939999
1.0756932133194432,1.03012299538
1.2346568606902413,0.621188998222
0.454409886383909,0.8660820126530001
1.085073753529046,0.9608931541440001
1.150985589838653,0.6760399937630001
0.9522665466372404,0.740238010883
0.969372586506853,0.598470985889
0.9398928254516042,0.615105986595
0.9026146946545514,0.935873568058
1.0391517270265769,0.58182477951
0.7694201536215797,0.715665996075
1.0616655107423798,0.6529520154
0.9622689186058769,0.9700022935870001
1.0436356731207161,0.7834500074390001
0.7794951838403774,0.744813024998
0.9718170176372802,0.8276180028919999
1.0568230396091791,0.8943400979039999
1.1661604666248961,2.50501704216
1.957886703046001,1.62071204185
1.5880800407836069,1.41758596897
1.586038089756114,1.04987204075
1.6088330799648882,1.22650754452
1.4098346308393859,1.0431790351899999
1.3367417021668964,0.9694439768790001
1.281747138649386,0.819225013256
1.0741928098620304,0.8129550218580001
1.1516094339982013,0.671208024025
1.0489203427880616,0.528989970684
0.8159062348051481,0.346193015575
0.8170853955909294,0.478949010372
0.4646710106924057,1.15381097794
1.1844138925353214,0.9671270251270002
1.0050781851754145,0.784583985806
1.0123163661634238,0.470185995102
0.9236244737751781,0.563278257847
0.7268775830781444,0.241623997688
0.7401927369992891,0.270985990763
0.6556350566788959,0.199468001723
0.5901929040578319,0.132716998458
0.6331522533394374,0.4732620120049999
0.5542830467370311,0.6585559844969999
0.8283751743098732,0.9621880054470001
1.1179265096785183,0.511197984219
0.5068204217247639,0.9829789996150001
0.5342722655982142,0.910009980202
1.07266306772343,1.0265760421799999
1.1043326382860914,0.830938994884
1.1739745119075515,0.9651920199390001
1.150620180271515,1.00054395199
1.1963208427173702,1.98318505287
1.6057452102488485,1.27485501766
1.303538788327871,1.28652596474
1.3640586622479554,1.3822449445700002
1.6833174247195486,1.73692405224
1.7386605571893636,1.25766801834
0.7939487739158355,0.7533379793170001
1.2453250194817846,1.0849089622499999
1.4156096907374123,1.06249403954
1.1905916443679152,0.778762996197
1.0559912827017202,0.825646996498
1.0494670802331532,0.989183008671
1.1841649903664015,1.41809201241
1.310385610373685,1.15167796612
1.210900154867087,1.25036406517
0.7019612049794561,0.879401981831
1.2452253526984,1.0894230604200001
1.173362530319458,1.8090629577599997
0.690693615624082,0.868739008904
1.0805468056133827,0.8521729707719999
1.2439858198971785,1.3078379631000001
1.5155577865307517,1.2625759840000002
1.34031646689167,0.760155975819
1.125406284644105,1.06988704205
1.3147029508883727,0.8579840064049999
1.1326461602851794,1.14932394028
1.2214494761124481,1.06714296341
1.2279155307977228,0.740061998367
1.0580731639920569,0.679988026619
1.112609429771305,0.7323921322820001
1.0638097764486711,0.835274994373
1.0097509791704833,0.600082993507
0.8739199816316578,1.0105639696100002
1.229898910378657,0.761397004128
1.1294029120662439,0.726006984711
0.9595715605055003,1.06432402134
1.2339185215329898,0.5901079773899999
0.9505631025594787,0.774465978146
1.0371403856700703,0.7406870126719999
1.04385025856507,0.8908360004429999
1.0629440205640959,0.7620100975040001
1.03890981530155,0.777450025082
0.9453940929638185,0.581107020378
0.8139049024933066,0.7908779978749999
1.0143363926168885,0.890371978283
1.0566472193536867,0.788205981255
0.9860625890490112,0.730194985867
1.0491271963778066,0.9248933196069999
1.1640791149136422,1.26558697224
1.2417742976473705,0.7884140014650001
1.0821769559460837,0.91806101799
1.1756678939827399,0.656926989555
1.0465323647878617,0.825268030167
1.0593698913342215,0.42572298645999995
0.9065670492653675,0.9114630222319999
0.950257853176148,0.7238519787790001
1.016118638062172,0.9657319784160001
1.1289366706417392,0.719420015812
0.9866221423079066,0.714648008347
0.824672463278693,0.618879973888
0.9781443226028591,0.850296974182
1.0658535280450456,0.611301481724
0.7890762226907315,0.840580999851
0.9967180379425671,0.590990006924
0.824025688344859,1.1918078661
1.1952074556536738,1.07247805595
1.1935429885964068,0.7976800203319999
1.0706956814307964,0.714037001133
0.7262679316380153,0.8885610103610001
1.0975493657302144,0.736729025841
1.006321848693482,0.9655410051350001
1.168566344398095,0.856945991516
1.1277654535422001,0.583833992481
0.8372941333909001,3.0475621223400005
2.3492638627619,0.8865389823909999
1.1142498539382124,1.1864609718299999
1.337510439163501,0.87507301569
0.9599137745088111,1.11197304726
1.1121534621810067,0.692927002907
0.7193299160741418,0.563274979591
0.9478243313748266,0.551968991756
0.9902303764307138,0.921135008335
1.0452381794252945,0.546503007412
0.8508841918139307,0.9997850060460001
0.6109056952288197,0.75122398138
1.0197985771927915,0.840256989002
1.0976709570876273,0.784314990044
1.101056979827288,0.591548025608
0.9376051497296883,0.610984027386
0.9108024109380364,0.9328789711000001
0.9123899831124795,0.799202024937
0.934164898091948,0.983354985714
1.0505187183757942,0.54052901268
0.8336517414172518,1.0936700105700001
1.1756241507504999,0.926633000374
1.1251233834980687,0.797241985798
0.9984023112575311,0.589605987072
1.027268501987438,0.7799540162090001
1.0348200878766534,0.518279016018
0.8150058974064655,0.7263879776000001
1.0136706057939817,0.621636688709
0.937090504777015,0.881067991257
1.0137494071615036,0.731501698494
0.3917811755981732,0.970385015011
1.2741267074794054,0.871535003185
1.1228525483909861,0.5505740046500001
0.963070913168882,0.257629990578
0.6606967205944708,0.6952109932899999
0.9381463795523185,0.35474300384499996
0.684874865451724,1.30835092068
1.3080497429552336,1.42471003532
1.3377039473603594,2.4222431182900004
1.8827235438229968,1.58809316158
1.6838294217768077,2.8828899860400004
2.4586410082088275,1.51081001759
1.8774663063521406,0.5103110075
1.2528951406388984,0.663749992847
1.3641305790874008,0.586565971375
1.0975416338756054,0.9182999730109999
1.0347930793434301,1.1263630390200001
1.3193214100695454,0.9455379843709999
1.0470416080338905,0.7979699969290001
1.1027783236780486,0.88952600956
0.9811209807115089,0.501745998859
0.9131521533284574,0.788908004761
0.9969517941497187,0.557146012783
0.9214176118212988,0.8079270124439999
0.9561139386738439,0.7382910251620001
0.9508893232744887,0.6742079854009999
0.8820390644660109,0.878771364689
0.5196492102162574,0.7401880025859999
0.969372586506853,0.8886500000949998
1.0914339983135757,0.798327028751
1.0687197159570214,0.513779997826
0.8884395043029256,0.776037275791
1.1473854053179044,0.852828025818
1.000078852717886,0.785162985325
0.9803119957046107,0.8431609869
0.9742463028059392,1.02479887009
1.171128024337456,0.8044279813770001
1.0813708306662326,0.8841310143469999
1.1590987413872784,0.36156499385799995
0.9271743482830598,1.1714910268799998
1.2337125152697772,0.44779101014100003
0.8136325399710183,0.766573011875
0.9474637939352505,0.773559987545
1.0456931937732434,1.05482304096
1.164457128462951,0.784330010414
1.0567571599712777,1.0342509746600002
1.2791249807787681,1.09697902203
1.2885059446516371,0.7633029818529999
1.0325256335424775,0.5883730053899999
1.0532086623690113,0.636563003063
0.7692707064044111,0.575070023537
0.7420400677138499,0.539964020252
0.7974664500154824,1.32467114925
1.318739084910089,0.817846000195
1.0237394928954189,0.635960996151
0.9285390735794572,0.813592016697
1.1106983906930823,0.987214028835
0.9791884407225243,0.983928978443
1.1196478535292789,0.590479016304
0.9291301897516879,0.898679018021
1.1133264798494276,0.626800000668
1.01536059856304,0.692685008049
1.0443793080687958,0.575704991817
0.9185103285724968,0.676468014717
0.866319303761466,0.827947020531
1.1408678755457806,0.654785990715
0.9954107190187461,1.0858155489
1.0228679116409327,0.8509550094600001
1.0734824324803511,0.887935996056
1.1037108065270578,0.6557850241659999
1.0459319280237735,0.659780979156
0.9531628062769855,0.885627985001
1.0719949507525586,0.750299990177
0.875635764902049,0.930316030979
1.109807744591615,0.7259460091590001
0.7173305432049066,0.7123904824259999
1.0991533548562247,0.9326570034029998
1.165827467297626,0.654497027397
0.982104938647367,0.498726993799
0.9891994977881188,0.9782410264020002
1.3938425076125527,0.559324026108
0.9125246021153295,0.8733990192409999
0.9861676575390403,0.6232500076290001
0.7705891994468793,0.631924986839
0.860307998634599,0.833535015583
1.033382386582645,0.861343026161
0.5592754417085748,1.03601300716
1.1568905025277838,0.6160370111469999
0.8362163340415684,0.987452983856
1.1408973201427848,0.668673992157
0.789577734082151,0.645533978939
0.9099763734846716,1.00703001022
1.1914825023010156,0.7763000130650001
1.0265026247178803,0.9358490109440001
1.2630269417353732,0.6626719832419999
1.0019099253546047,1.11335194111
0.6555358135587775,0.54953199625
0.9328410563007434,0.927363276482
0.9923937069839863,0.821533024311
1.0516394136308334,0.919354021549
1.116513910433035,0.6899859905239999
0.9813168190563315,0.649773895741
1.073969115657452,0.970504999161
1.1307315200691936,0.8034440279009999
1.0098958720075395,0.8920990228650001
0.5906015272781269,0.746227025986
1.0319686222631794,1.4954074621200002
1.4976156472052011,0.7597569823270001
1.058267201767998,0.967728018761
1.1902714608544491,1.12601101398
1.277948891551667,0.764141976833
1.0447574275339209,1.42381894588
1.4432599678931908,0.830919027328
1.1702827102054771,0.531687021255
0.9221585988739643,0.694292008877
1.082181722157829,1.09710001945
1.1364270371889822,0.86237102747
1.065461957271217,0.971195995808
1.0767645518039648,0.750190496445
1.1398581800664982,0.565989017487
1.0720606185588268,0.7235890030859999
0.9034975029855931,1.0888769626600001
1.182897178042158,0.261454999447
0.7150639976883948,0.192316800356
0.491974837212211,0.204839006066
0.7530601318059194,0.375299990177
0.6560587729030509,0.18789100647
0.6594043887586933,0.417883992195
0.6840514758937735,0.612834990025
0.8615662785353518,0.48221001029
0.6789497757995382,0.813664972782
0.9427741593253485,0.899798989296
1.036655503061851,0.766745984554
0.9653747940107319,0.6762999892229999
0.9432292795891141,0.9804093837740001
1.0225908358648073,1.07553303242
0.9855066369278789,0.645973980427
1.0004672460172177,0.76016998291
0.638000761674182,0.8707180023190001
1.1020745130769962,1.04555702209
1.172990871719143,0.483233988285
0.6916375373812799,1.08598899841
1.2270400306580238,0.7320979833600001
1.039853419311298,0.712899029255
0.9841889382540349,1.0453890562100001
1.1737159713993244,0.735920011997
1.024385155713179,0.8956930041310001
1.0853140765168245,0.874550998211
1.079675330274713,0.923747003078
1.0533587450810793,0.9997780323030001
1.168482459071378,1.73953402042
1.568199006520078,0.810788989067
1.2027709041143442,0.7049050331119999
1.0887293320218563,0.832826972008
1.2549459885949823,0.827660024166
1.2143633902370212,0.8953109979629998
1.101989250844664,1.45950102806
1.4400720077305005,1.17951905727
1.3119871634359144,1.4434119463
1.5569815683038457,1.30673503876
1.4992443147164702,0.763499975204
1.1991316366572844,1.1451480388600002
1.3988102771567457,0.725345015526
1.156149515475118,0.76335901022
0.9924054636396247,0.61748200655
0.9468839048395753,1.02932298183
1.137600478520669,1.30205595493
1.2918067051589657,3.16412496567
2.399999445379648,0.9734439849850001
1.3252260050112266,1.2296710014299999
1.3306672182554502,0.744153022766
1.4078719048426813,1.0630340576200001
1.255004771873174,1.1238720417
1.3369306559836425,0.898477017879
1.127227083446617,0.7175139784810001
1.0366667301384065,0.536750972271
0.915936997893314,1.17544305325
1.2353908572990138,1.10104894638
1.1612117619276843,0.573449015617
0.9922614181291007,1.4311449527700002
0.683518295673202,1.0377949476200001
1.193620730805763,0.656862020493
0.9753838386758118,1.0749080181100001
1.0010270111077464,1.3859720230099999
1.3804698943609233,1.0048049688299998
1.169916135564357,1.6095399856600001
1.6034755402157481,2.8175759315499995
2.310750541712104,1.96256256104
1.8679838751270055,1.27975201607
1.7327487599721563,1.9953299760799998
2.2185209551348817,2.03338599205
1.9204871927231684,1.3074439764
1.7067595605675148,1.61125802994
1.8348529840432422,2.04021811485
2.0398994381260502,2.18324494362
0.8219044063707615,1.35141599178
1.663788666461904,0.7242180109020001
1.3585957362613366,1.3633890152
1.6357382393511553,1.52680897713
1.4541792530858018,1.7840195894199997
1.7267912071221942,1.10359704494
1.422092374205887,1.76300799847
1.7565720868439278,1.15754902363
1.576258882412973,1.15332603455
1.4174220162745992,2.3628110885599996
2.103216125098262,2.58078789711
2.1790944279146913,1.24214696884
0.7022712735324406,1.7128210067700003
1.9930503304812164,0.6676509976389999
1.3376331955948961,0.8271329998970001
1.1905859249138209,0.9642647504809999
1.34226055170466,1.3941617012
1.3137489671286016,0.758404970169
1.0321219883655608,0.690075993538
1.0698237824288606,0.674024999142
1.041827690132008,0.861522018909
0.9660938564893693,0.790746986866
1.0270650377038228,0.728500008583
0.9549977977989168,0.24119800329199997
0.7128409835724897,0.335460007191
0.783673350972103,0.591246008873
1.002767207973855,1.0584269762
1.0486498337925632,0.766991972923
0.9340409765865708,0.588123977184
0.9067609811254919,0.5922303199769999
0.9653082788779311,0.875351011753
1.1263657760263373,0.7038279771799999
0.9266000727256622,0.567749977112
0.8466687952726837,0.713387012482
0.9710350411636053,1.07750594616
1.1427962848179194,0.690941989422
0.9303472683997984,0.772458016872
1.024315780853331,0.7237120270730001
1.029231651647409,0.9752489924429999
1.14370038222809,0.9151769876479999
1.0471796163428704,0.757400989532
0.6595135350076602,0.691206991673
1.0192456966303394,1.1835279464700001
1.2913732976375953,0.7705749869349999
0.9823408131708499,0.8947700262069999
1.1108996307445496,0.614335000515
0.9524404604080348,0.769231975079
1.124144615437222,0.907074987888
1.0220319181008113,0.40680998563799997
0.7565101806566916,0.513888001442
0.8153220031609938,0.24814699590199998
0.7188385726011121,0.256875991821
0.7290615142577382,0.598065972328
0.88411501447062,0.598169982433
0.7415227748657626,0.880114018917
0.9006276080200374,1.08564901352
1.1213260896426989,0.9920129776000002
1.1525106716813247,0.8743849992749999
1.227771908950465,0.8770260214810001
1.135121412918226,1.008928895
1.2254507638305157,0.808875977993
1.0903110788263886,0.6714209914210001
0.812989683922397,0.744962990284
1.2451099044583478,0.694267988205
1.0232010168840193,1.00188601017
0.45489889970897435,0.793558001518
1.1131149659637538,0.845004916191
1.0643529127559994,0.803124010563
1.0667739364909667,0.5744469761850001
0.9775788380582363,0.567972004414
1.0007580908494962,0.453808009624
0.7966998313352089,0.8494881391529999
0.51178840310059,0.40645998716399995
0.7456261654309957,0.24535199999799998
0.7577201629450924,2.32321810722
1.6291855455279332,2.02711558342
1.6374444372401475,1.5811179876299999
1.5779130756360336,1.72704994678
1.915220634660455,1.15064203739
1.4896623226237673,1.6079339981099998
1.546916706003438,1.33123397827
1.5233770216884186,1.22164201736
1.4175405360733317,1.58354198933
1.569546467538376,1.60866212845
1.661898704631177,2.18565392494
2.0047046714407655,2.98955988884
2.5067022164583928,0.75744998455
1.3597979866951282,1.8113440275200001
2.056001607886291,1.5279519558
1.8253205605526899,0.889223575592
