predict,actual
1.2890732297651415,0.691469013691
1.3228490422559491,0.8557710051540001
1.5265700658103039,0.709383010864
1.4702768684659304,1.01454794407
1.4948340860306581,1.1157310009
1.0608208321053003,0.41828301549
1.3705583981628968,1.00228095055
1.0785759240988029,1.21886098385
1.180822393111531,1.14329600334
1.1870363681533889,0.652818977833
1.1869888119517527,0.6746559739110001
1.442660908034718,0.6009536385540001
1.1021886903272498,0.6694570183749999
1.09360559030054,0.653807997704
1.3125720305749682,0.781412005424
1.4690816084760319,1.20630395412
1.5755773141333986,0.846925973892
1.5830463916015125,0.82864099741
1.5407931830689239,0.648239016533
1.353654657502917,0.56237000227
1.1058267927103274,0.718330979347
1.3542037250959729,1.09964799881
1.127609863207671,0.954171001911
1.6280628378723792,0.729013979435
1.1333465815801018,0.669449985027
1.1094466775729561,0.863121986389
1.1172622056770434,0.646466016769
1.4426214014351404,0.822318017483
1.0898555348993566,0.9235979914670001
1.5520169762341496,0.8300920128820001
1.4754656843192877,1.06731402874
1.6256537826246835,1.54617500305
1.7829737224382607,0.682727992535
1.4990698713665933,0.6385620236399999
1.3633963706469951,0.6464239954950001
1.4148464613632687,0.688109397888
1.1433351844925854,0.727398991585
1.4624450293260929,0.650035023689
1.4222831285915147,0.869369029999
1.517134449376089,0.44085800647699996
1.1364857145513574,0.451860994101
1.2937268529974126,0.757507026196
1.3827180634832617,0.495238989592
1.3498262243974781,0.685087025166
1.3996440464647193,0.724381327629
1.1061768444840636,0.8653740286830001
1.495560986279721,0.740046977997
1.2023610099042503,0.807075977325
1.112420687786192,0.8204330205920001
1.1244839697134859,1.11441195011
1.6550757136440895,1.1086050272
1.5868500404058759,0.475149989128
1.4254195077515395,1.0392680168200001
1.57770463330904,0.9457899928090001
1.6093796055783465,0.787750005722
1.5199620839308365,0.350454986095
1.2887156579684294,0.9367713332179999
1.4974416275185902,0.986805975437
1.1363775745026479,0.647023975849
1.299731220638295,1.02977705002
1.5776366353548075,1.1874469518700002
1.6875522568131347,0.9328820109370001
1.4715599326677589,0.7528370022769999
1.4811184114491853,0.642004013062
1.4100084386943637,0.23073400556999996
1.199738746117816,0.47149971127499996
1.275448113206829,0.8772729635240001
1.085609475729215,0.787630975246
1.5150259832157955,0.27422198653200003
1.3193580569420758,0.39922699332199996
1.2412194046844038,0.992351233959
1.5286340473276416,0.7627239823340001
1.0869727182041806,0.7200859785079999
1.3622373338663605,0.626478016376
1.4086682858674087,0.726989030838
1.4938802081867035,0.9301019906999998
1.550655957991332,0.687269985676
1.4585905409297797,0.866255283356
1.1052982727856844,0.835203826427
1.5262162010671714,0.940249979496
1.57196050082945,1.0233579873999998
1.4884117745776233,0.732262969017
1.216176986764007,0.930074989796
1.448089940960037,0.8702930212019999
1.5598722227694475,0.510402023792
1.2857410122602941,1.0258179903
1.6003715712955913,0.455123990774
1.0115659526030842,0.734534978867
1.421546060424062,0.7012919783589999
1.4393028470706295,1.01438605785
1.5822503283242348,1.1237702369700002
1.5271414816406543,0.48253700137100003
1.389055430451414,0.46893200278299996
1.2872923612254732,0.875519692898
1.0346862102845193,1.1454249620399999
1.665923823407971,1.9437874555599997
2.0903789162993522,1.5570390224500001
1.2860620431002927,2.10477590561
2.1667520578107573,1.06224000454
1.4918810471491015,0.786782979965
1.3223779287038826,2.24797105789
1.1850055382866351,0.5664669871329999
1.6345769783383728,0.8389729857439999
1.4902538624592643,0.31881898641600004
1.2865975534688285,0.638668000698
1.3548199433167287,0.754026651382
1.3551998633507356,1.08582603931
1.6302838925456777,0.601429998875
1.4378439626133086,0.6923220157619999
1.0936766598134529,0.878243982792
1.5090143073835705,1.27922403812
1.1327306811067956,0.725166976452
1.536443750061818,0.428310990334
1.3128325834837098,0.701224982738
1.1208973424172572,0.8846225738529999
1.4667597219453665,0.7809653878210001
1.1410644553013192,0.92597001791
1.5614504743520332,0.917864024639
1.5621736675475164,0.90730202198
1.5786957935204244,0.409945011139
1.3305191479438971,0.87414598465
1.4763738065304877,1.2313439845999998
1.5798608675026031,0.7683960199359999
1.2049408014482434,0.9357339143749999
1.525280858491115,0.752327024937
1.469573057864878,0.624783992767
1.3990479522491102,1.9779472351099998
1.1409117246938372,2.47647929192
2.470213370326358,0.682259976864
1.3872344198172688,1.29407799244
1.7345719948384493,2.1165060997
2.21683075053419,2.03023004532
2.2708247273326423,1.72759306431
2.104992545173635,1.32161903381
1.2807517418053391,1.11427497864
1.7336078431602882,1.6184829473500002
1.851791253259421,1.10235404968
1.7530908457851782,0.850126981735
1.5558386307273286,0.653181314468
1.4385360165587229,0.616827607155
1.2937424226224472,1.02320480347
1.1263686357533844,1.17678105831
1.6693219205507197,1.10875403881
1.177513053423061,0.983811020851
1.1834787617908982,1.82992756367
2.0204857044451914,1.34213101864
1.2780238799497927,1.26566958427
1.6233233169128767,0.793037712574
1.5566477216500434,1.0306893587100001
1.6053878502837695,0.821023225784
1.5553268455017024,1.0991692543
1.1415539982054674,0.525535523891
1.2182956208426905,0.775839388371
1.0415451067334214,0.720975995064
1.4023296479094576,0.8666771054269999
1.1644389109425024,0.846204102039
1.5234245778900548,0.7614132165909999
1.1782444021364196,0.658724606037
1.3218073602000648,1.07865929604
1.5756711555468723,1.2819403409999999
1.762734057219854,0.660000503063
1.4983141620154254,1.1125005483600001
1.645172902543021,0.628070473671
1.4821162443570128,0.686457574368
1.4393569700528925,0.900040984154
1.5289131355042815,0.734256923199
1.4149308762690682,1.0111212730399999
1.6128000509583897,0.882759988308
1.569456545010115,0.7521411776540001
1.4925382547908668,0.9489411115649998
1.5512462268370302,0.6799052953720001
1.3799780213088106,0.721156597137
1.1787822426529198,0.6504104733470001
1.111568171378687,0.716710627079
1.4389557609397567,0.9056316018100002
1.529414964643151,0.6526464819910001
1.445651229283704,0.7056654095649999
1.3682735821680279,0.658105790615
1.0129091769887197,0.659279406071
1.4346403269097672,0.663406431675
1.4212431411886954,0.7808002829549999
1.3839814273432096,0.756590723991
1.4874989920704946,0.9280405640600001
1.5646259364483694,0.707382977009
1.166989363805308,0.38883998990099994
1.106210102050464,0.342241793871
1.291616904015687,0.23373000323799997
1.1080812108658429,0.145912706852
1.097112357071081,0.394953489304
1.211407385712601,0.967840969563
1.3743349325182204,0.783922016621
1.5073569366860131,0.8333759903910001
1.5050393927038268,0.9723259806630001
1.5898845285503684,0.6905210018160001
1.4899155673411661,1.3453240394600001
1.7567540502167809,0.7227010130879999
1.5554340323080629,0.6804850101469999
1.1019074838342784,0.7610610127449999
1.372541036333115,0.8075709939
1.2599122753177436,0.588663995266
1.4055222683680766,0.9960750937459999
1.4779906114703019,1.0454139709499999
1.1536780758114675,0.47130599618
1.3182903195953173,1.04714095592
1.542805054004513,1.12621426582
1.6483760086674797,2.5604617595700003
2.395281531246724,0.7747610211370001
1.750313838990747,0.717206001282
1.4734275462611912,0.800508022308
1.4973329578907981,0.568039000034
1.416728797255203,1.19578003883
1.5751803416529253,0.797044992447
1.5645377085731735,0.48993599414800004
1.3640462700974176,0.9918130040169999
1.5564652286981076,0.744569003582
1.4787468504005523,0.6096370220180001
1.4051858797346768,0.856591999531
1.436002298394934,0.814429998398
1.5264101329272957,0.760592997074
1.0112360248344947,0.915751993656
1.513337473268169,0.742163479328
1.3444656130896577,0.732936024666
1.4628888165974863,0.8745691180230001
1.5338553793366834,0.9644910097120002
1.5809334769769232,1.4776719808599998
1.139118252171998,0.6752679944040001
1.5577901296474779,0.5030400156970001
1.1329211177449736,0.706665992737
1.4339099314387578,2.9681959152200004
2.267225496054243,1.2553009986900001
2.0496739851732624,4.08481502533
2.986048393114504,1.6923229694400002
2.419906746765684,0.412105202675
1.4347052533053195,1.03575098515
1.5579174404589848,0.640892028809
1.3064868491660493,0.706547021866
1.4854411536705177,1.06083035469
1.6124602730188597,1.88095402718
1.871773754875216,1.88637399673
2.179352650675469,1.32877397537
1.9133395697583193,0.39318400621399996
1.388518225429813,0.6382430195809999
1.364901858063603,1.04553198814
1.6006599800640886,0.658802986145
1.476512662166,0.80467402935
1.111828194708346,0.8740410208700001
1.427678268455534,0.853255033493
1.4081845683331713,0.8952109813689999
1.55723618992686,0.730158984661
1.479891376714318,0.414941012859
1.0244725362618423,0.270094007254
1.1206822273938204,0.49113199114799994
1.0336526837465103,0.507916986942
1.3335711121981222,1.22402000427
1.6484632833003265,1.2676579952200002
1.0673440813315183,2.6334879398299997
1.1829647523331244,3.99961543083
1.2898127339963752,6.65141820908
1.6203542847430192,2.10267806053
2.0618962467412154,1.28368997574
1.9286683422260267,1.29134750366
1.2565111066163146,1.3537540435799997
1.2030254198215418,2.39019107819
2.335297379526809,1.46144104004
1.7029139690997928,1.599208951
1.131208458991171,1.4711509943
1.6260650537403925,1.29820501804
1.7841023613795421,1.57962203026
1.8085273960052006,1.3603550195700003
1.8850000983841737,0.803641021252
1.2065061313012087,0.427668988705
1.3234789236170414,0.269407004118
1.0657713373713937,0.389717012644
1.0425723842382533,0.417917013168
1.2598360159298192,1.54603600502
1.7433622662023536,1.01761102676
1.7215872453070686,0.865315020084
1.5752145524616747,0.619410991669
1.1418857265429385,0.845414996147
1.4909248391571825,0.804859638214
1.5140859803438105,1.4358890056600002
1.699218142596689,2.56575202942
2.437622861738692,6.206179142000001
3.9972730849566265,0.9309499859810002
1.4405501117264599,0.907775998116
1.1306923312170658,0.460979789495
1.284332014152574,0.5264570117
1.290600853587411,0.794224977493
1.4482038004628408,0.9704009890559998
1.5733969311336595,0.669588983059
1.4841745064202563,0.6997730135920001
1.4617153752657992,0.6903669834139999
1.443979771782544,0.63616001606
1.4169742042021765,0.9726700186730001
1.535496227166857,0.639338970184
1.1534866859309407,0.512377977371
1.3494181307562658,0.569913029671
1.2748423806519127,0.83180898428
1.4789550808959127,0.46941101551100006
1.1269671660327747,0.9054309725759999
1.4312535627593905,0.848275005817
1.5406411938721578,0.656663000584
1.130193044057794,0.63240557909
1.413660627881044,0.326855003834
1.1493903917254171,0.304740995169
1.1950615036584518,0.21594800055
1.1862250529985263,0.214847996831
1.1402350285418246,0.151231005788
1.149919441229143,0.415333837271
1.3210515449330806,0.734420001507
1.3857914227324324,0.9913370013239999
1.5581806412631407,0.791000008583
1.520602345041952,0.742917001247
1.4726244925400205,0.74265486002
1.3486945138975164,0.8799139857289999
1.5228440532994802,0.73768299818
1.4737702898435847,1.24034297466
1.5936986630205714,0.8343409895899999
1.1767058689850443,0.305472999811
1.260688850084774,0.892946004868
1.4624958689180425,1.28586602211
1.7386864006486047,0.41464000940300005
1.3643561797766772,1.09013700485
1.6153829140610632,0.592383027077
1.1757298547354282,0.377326011658
1.2796276572441698,2.6935973167400005
1.1713047978352975,2.2886660099
2.500226523433811,0.895527005196
1.7657811493465172,0.8070570230480001
1.520551823197452,1.19486296177
1.1187216197134469,0.8929409980769998
1.5498150923236487,0.977608025074
1.60648016009997,1.8325070142700004
1.9831582168776207,1.4037929773299997
1.6510699774617263,0.7223749756810001
1.514475856464574,0.6599410176280001
1.4344384513634005,0.740734994411
1.4513723780311005,0.555365979671
1.2162812079275038,1.2367689609499999
1.5971906015767938,0.6214020252229999
1.4673472369798342,0.710873007774
1.4428323857417313,0.30647799372699996
1.17895011922217,0.6473349928859999
1.3736109979120212,0.545826971531
1.3347152148486217,1.02424776554
1.4934044343387083,0.8176820278170001
1.5407586545127248,0.7440620064740001
1.466370057656236,0.736715018749
1.4384299948263446,0.576856017113
1.31394893619027,0.9152600169179999
1.5085483837065154,1.13702905178
1.6663259857634558,0.49600800871799994
1.3974480938399458,0.49413600564
1.3142785462114102,0.8834533095360001
1.0679242881746431,1.27152490616
1.634992803834194,0.886436998844
1.6233468302241534,0.898828029633
1.5519848837417314,0.9049779772759999
1.1834333239055932,0.829931974411
1.4331437364217505,0.8756300210950001
1.422275820400172,0.550292015076
1.395640746346137,1.07391941547
1.5152483005147586,0.849192023277
1.5596578491567266,0.6393229961399999
1.4305035728623172,0.7995309829709999
1.4779304512864948,0.9646000266079999
1.5791004978555068,0.841355979443
1.400778193028462,0.701144993305
1.334314217567119,0.72400701046
1.1070080718124398,1.01030802727
1.591103937346443,0.65380603075
1.3857859151099712,0.793285012245
1.4906106928452605,0.6538396477699999
1.4412746818275584,1.1607899665799999
1.6615177254390048,0.808578968048
1.4283477623320207,0.374377012253
1.356458460998938,0.25569999218
1.205216182571304,0.489315003157
1.2661254030330689,1.1518440246600001
1.6264224137054717,0.737277984619
1.5140490157238304,1.08875095844
1.1025876752082375,1.9758529663099995
1.9355302043177924,0.8547700047490001
1.0420432288187111,0.7977370023729999
1.4986047950160708,1.0524289608
1.6250050482482432,3.17945098877
2.4685066428582827,1.79706799984
1.0597014078400597,1.05670201778
1.7815296661952587,0.875126004219
1.5606510217686256,0.664539992809
1.2024699972794923,0.757168412209
1.107385979445932,1.36848402023
1.658244079380716,0.9052469730380001
1.6011424266085272,1.0320609808
1.6292135073035054,0.614133000374
1.3890291633289067,0.9733130335810001
1.5554024693947275,0.645228981972
1.251081438196096,0.48943901062000006
1.099016087957961,0.8408679962160001
1.4756281591818934,0.7771940231319999
1.3705359440097857,0.675535023212
1.437806680245879,0.659205973148
1.3853887307978647,1.08415305614
1.5329786082071857,0.9314100146289999
1.4512155167067726,1.3594796657600001
1.7984581911563138,0.763398826122
1.5070443791113395,0.535733997822
1.243729821368549,0.6781889796259999
1.4259488750027147,0.7839810252189999
1.3726150714888916,1.16936767101
1.6490971894624482,1.01528799534
1.6550819626772666,0.925943017006
1.5834742915004216,1.31924402714
1.6459474649095367,0.9717460274700002
1.1885363479475355,1.1762996912
1.6266745992647051,1.71460902691
1.8375718430543808,1.30733704567
1.2252630810035683,0.6186890006069999
1.2133865286608727,2.2984359264400003
1.1067277126460011,1.80824100971
1.6903292636075657,0.879414975643
0.9653345460004384,1.57094502449
1.8897105984099385,1.5785160064700001
1.992628997362934,0.620030999184
1.2627552676658924,0.9928810000419999
1.4764639408903817,0.455186992884
1.3680783793181046,1.0173989534399999
1.5495879028971238,0.8378469944
1.5504850098634013,0.488476991653
1.3985210210617158,1.2463409900700002
1.002776846313162,1.20963096619
1.792607401449446,1.2524510622
1.1826949847483417,1.51972699165
1.7657967189715518,1.06379795074
1.6303673542091284,1.57149505615
1.7633670101396266,1.27810502052
1.2606423530413033,1.19207799435
1.0478634088545926,0.830443918705
1.5838304863915187,1.40201568604
1.584466404954155,1.156504035
1.7634496244765447,1.1625548601200002
1.6319349082942414,0.60075199604
1.4540362667334434,1.25383579731
1.6783591875988462,1.79184401035
1.2080421224729865,1.73406255245
1.913282587049009,4.93997097015
2.9433785117595614,2.39435100555
2.596077159947645,2.2125759124799997
2.404131856878619,1.88652706146
2.2219490264537174,0.9343829751010001
1.7226652564880336,0.909982979298
1.3701874809732977,0.8112999796870001
1.1487518252673667,1.04970896244
1.6318616145491809,1.35178804398
1.701569897387625,1.27730596066
1.8062932077706484,0.7854449748989999
1.5661888302375537,0.48462298512500007
1.1567324761294737,0.6676359772680001
1.1468904607071115,0.832251012325
1.1024202223022537,0.5959370136259999
1.4073939067625383,0.341089010239
1.2539078017610448,0.686011016369
1.0536109306403127,0.8153510093690001
1.3883774633096027,0.39854300022100003
1.332148345034249,0.699815988541
1.3340758010640386,0.42636901140199995
1.209325610338081,0.686613976955
1.2749034940780688,0.182677000761
1.29721370759444,0.701882481575
1.2273054556943275,1.7966820001599997
1.9164721359489478,0.720426976681
1.2714885563204867,0.46806401014300003
1.3754063769185585,0.6408870220180001
1.0396336439919325,0.7520520091060001
1.4609168759247406,1.00181758404
1.5803027482892984,1.6608040332799998
1.933130787409404,1.45059502125
1.9288850459867117,1.0850100517299999
1.1034527955979134,1.09955501556
1.5309867553609264,0.769418001175
1.1901007245581519,1.25443041325
1.6357077355959855,1.49632096291
1.730584158429085,0.718636989594
1.5775684255689417,0.890201985836
1.4777483819978254,0.989175975323
1.4943211357310497,2.84901452065
2.5249684581826224,4.28107500076
3.0835061962288446,1.24873900414
1.6007779702837384,0.70965898037
1.2096479121678783,0.7497439980509999
1.458628882455375,0.8907449841499999
1.536603682944826,1.46952795982
1.8306712157737535,1.60888803005
1.2236659764056346,1.04346096516
1.1033484685186004,1.18475103378
1.714705788789239,0.506372511387
1.4344151498837572,0.694615602493
1.2622968640118135,0.929911017418
1.502399123228577,0.775462985039
1.145402767147686,0.856469631195
1.3518979377694247,0.926900982857
1.141396077722974,0.7506660223010001
1.5064114261915669,0.9248849749570002
1.5308006612712275,1.07016265392
1.6861884847590864,0.8752880096439999
1.5749809021703396,0.7511039972310001
1.482647624008703,0.8627579808239999
1.548720346443667,0.509657025337
1.3905700266282461,0.8495249748229999
1.4711305499474177,0.671136975288
1.4493712045929839,0.613218009472
1.3821574510662007,0.381054997444
0.9935964869968609,0.871042013168
1.4454182144872685,0.654031991959
1.4573067353172355,0.9089673757549999
1.4459322239450423,0.9709029793739999
1.1042611451099122,0.9856920242310001
1.6250014471104801,1.35625624657
1.8028642891252802,1.30987298489
1.6316604804135302,0.634491980076
1.2024853550728938,0.593350827694
1.285986313291451,0.879638016224
1.5102751292639207,1.13183641434
1.540804516061296,1.84127402306
1.8790289883096918,2.26174592972
2.327724822305914,2.5979759693099997
1.3416196550986452,2.3991920948
2.53230249298462,1.98229801655
1.9491806347562632,2.2695479393
2.2773357962399556,2.0178899765000002
2.3025721460204767,1.45226204395
1.9965379264889598,1.34279799461
1.2343119987915165,1.3119150400200001
1.822990836251599,1.2767620086700002
1.8015642783928019,1.2752670049700001
1.2025469980781327,1.2104460001000001
1.7977739749813253,0.815348029137
1.567340664742662,0.72711199522
1.456770377622167,0.604301989079
1.4304950995969923,0.9830358624459999
1.5530687202926072,1.10152900219
1.6615152893752239,1.1837249994299999
1.622531066604995,0.435640007257
1.3743688255795201,0.327004015446
1.1182686177660126,0.803984999657
1.4248513753115026,0.421685993671
1.1277001034833816,0.573455989361
1.3486523594025248,0.39594578743000003
1.3130176184152431,0.416375011206
1.2635609692824772,0.560397028923
1.3388282437531618,0.774905025959
1.4588446329737113,0.637084007263
1.4236465828981133,0.383926004171
1.309711668032903,0.564873993397
1.329449398196624,1.05471503735
1.5874134066341676,0.6537709832190001
1.4679493683969873,0.593102991581
1.2249376016992743,1.02260899544
1.0912290512085288,0.8359869718549999
1.549818163882329,0.637534022331
1.3040434771937877,0.9755985140799999
1.5598901225424464,0.48980799317400003
1.290576175202152,1.0986479520799999
1.6010282493582737,1.1511659622200001
1.7188106621759038,0.8061249852179999
1.5669183783820306,0.47447699308399993
1.2213285202499347,0.789602994919
1.4567398738669972,0.476253002882
1.1433616634467259,0.545522987843
1.3298132190265133,0.6212809681889999
1.0778406565002316,0.7707700133319999
1.3586718897334444,0.933706998825
1.4912144129996623,0.8110550045970001
1.4102597769270646,0.600552976131
1.3169245351407544,1.00252103806
1.3670146667723757,0.8921650052069998
1.5475143889562957,0.9160850048070001
1.597258705446843,0.741342008114
1.4452971527089384,0.9283249974250001
1.0712534341208102,0.642940998077
1.1730280481707562,0.9950090050700001
1.579202388871039,0.627136588097
1.3771119393126514,1.0386890173
1.429920082628879,0.6888009905820001
1.487464357598479,0.5214130282399999
1.3563756348303868,0.651027023792
1.4021779764601412,1.1597019434
1.607534022474759,0.645640015602
1.4643327669246717,1.19586265087
1.6786079838519496,1.30470395088
1.8002471092980408,0.8844429850579999
1.617078096705133,0.7697709798810001
1.4981360116119689,0.770210027695
1.4790540062685813,0.641828000546
1.42260394759988,0.893715977669
1.4183705983277257,0.5247250199319999
1.1424250498808708,0.514221012592
1.3153643951628005,0.717274844646
1.0683490105990556,0.641076982021
1.4221451202825348,0.4689820110800001
1.335033597793206,1.2037500143100002
1.643997025147553,0.7911959886550001
1.1763934173261874,1.13630115986
1.6499110465969082,0.8642929792399999
1.403565367741283,0.8814030289650001
1.5295536084470303,0.58174097538
1.419906483583687,0.865119993687
1.4886752931292289,0.907812476158
1.4761043566931549,0.7377740144730001
1.1306381023189862,1.1203750371899999
1.659681145179825,0.9422479867940001
1.6278807685837096,1.06006002426
1.6615796861916934,0.715842008591
1.3750363070554918,0.404020994902
1.3092334581211271,0.29207798838599996
1.206431142903083,0.631792426109
1.3795994781804193,1.12466526031
1.6328843376739004,1.11569094658
1.0049292675373287,1.24741899967
1.7610796521651604,0.697616994381
1.5027833858110626,3.69397497177
2.8888134368782086,0.820483982563
1.4884344405623675,0.85730701685
1.5299394597667644,0.690235972404
1.1753527944284687,0.8385969996449999
1.1053780273955554,1.28772699833
1.6168430695081826,0.9632229804989998
1.4797419294971494,1.34329998493
1.7906286821644404,0.7316169738770001
1.233210686130908,0.6809219717980001
1.4463111907367001,0.701478421688
1.3146387659035363,0.669803023338
1.402206997393879,1.36564302444
1.743896717412724,0.9781420230869999
1.663666121862142,0.67867898941
1.4500775571736337,0.597633004189
1.377307565825841,0.819377481937
1.4698211127072656,0.791110992432
0.9913930143491114,1.0441473722499999
1.4880531436227453,1.4000159502
1.8141375449768402,0.874862015247
1.559933018448154,0.622817993164
1.443055232619777,0.7164059877399999
1.3902588459591878,0.6523500084880001
1.428388010342314,0.9379299879069999
1.6032835148403217,0.593699991703
1.4446401568988063,0.539344012737
1.3518397899861325,0.9370089769359999
1.5314132783542205,0.808772027493
1.527533476077749,0.56542801857
1.3891483186225386,0.602082014084
1.3719397522424943,1.14667999744
1.6974515726922565,0.9824249744419999
1.0475814609509053,0.567151010036
1.4345015771900713,0.786639988422
1.401902595337081,0.7388439774510001
1.4693188599051301,0.681029975414
1.434717433624224,0.708697974682
1.4411161258501657,0.6642330288889999
1.4264945532896407,0.512479007244
1.3709423429979328,0.604038000107
1.299784602209842,0.672879993916
1.1420859074362402,0.8265414834020001
1.5038050497776168,0.454686015844
1.343876403402125,0.559450984001
1.3166354908773574,0.133221805096
1.1833113088849143,0.163306996226
1.0900638713105335,0.17978604137899998
1.071557518430159,0.57479184866
1.2914745531582281,0.8508148789409999
1.4801635803628816,0.852764010429
1.5374048301812986,1.6876280307799998
1.9239226781491634,2.1495220661200003
2.271024696394311,0.812285006046
1.7747886540501898,1.2396399974799999
1.135673657985779,2.12843728065
2.213035998658418,2.1392390728
2.049874377898197,0.9779880046840002
1.7870938477025105,0.6937779784199999
1.154283066955668,0.721879005432
1.4518777023919163,0.7631160020829999
1.1126296596922682,0.856532990932
1.5244587399229632,1.1093380451200001
1.6198984230685378,0.647634029388
1.1672230140966429,0.9241870045659999
1.4804071867409734,0.7877320051189999
1.1638485361809874,1.3055670261399999
1.7390787128331493,0.910771012306
1.666397478939635,0.869964003563
1.5418353947038907,0.574302017689
1.2615917824209624,0.859953224659
1.4996478539775704,0.47758498787899994
1.4158814707227094,1.1080174446100002
1.610930107216993,1.29072499275
1.2017864165994032,0.859157979488
1.1929018801587588,0.305898010731
1.2002357031291235,0.903901994228
0.9375276193519652,0.635275006294
1.4318654384316676,1.0234229564700001
1.5183705928711806,0.673066973686
1.4644308449708079,0.850479006767
1.4301323379252686,0.51419699192
1.4135962310645744,1.52795660496
1.0687616586203799,4.09438562393
3.1957132004626674,0.9952359795569999
1.4677287457510892,0.8670449852940001
1.5724111726289198,1.14105606079
1.6851273141929548,1.6222579479199999
1.9546518221765738,1.9802049398400003
1.9236790717710717,1.3755470514300001
1.9418999815258124,1.8518650531799998
1.8926582355848502,1.42092394829
1.9572656126976833,1.5891779661200003
1.949041249541668,1.67319941521
1.7745611468762152,2.12393403053
1.2802068049291293,1.64840197563
2.1010992915884605,1.2047419548
1.8123986191005304,0.792083978653
1.5969507022522818,1.22702741623
1.5910375281294589,1.2269510030700002
1.1853018907413746,1.13134396076
1.1766262202909898,1.25246500969
1.7732342335263303,1.1168919801700001
1.6176393446170934,1.1223870515799999
1.703696581068367,1.0401530265799999
1.6741025368470484,0.809131026268
1.3966949264683757,0.7681059837340001
1.496229844661308,0.7982919812199999
1.1202485021250004,0.766672253609
1.4828408144581116,1.05736005306
1.514061196042735,0.8607699871060001
1.558434097812173,1.0707770586
1.5824824957941381,0.53015100956
1.3389143533120265,0.660418987274
1.4096830653058863,0.990917980671
1.5603036178903034,0.356153011322
1.3094897743972063,0.961823999882
1.451765643457994,1.24482905865
1.1951628650949013,0.8381230235100001
1.5928535607202257,0.9245989918709999
1.5883137969907586,0.8131660223010001
1.5359511355989894,1.00306105614
1.059789317967806,0.875234007835
1.0562294873731675,0.7991399765009999
1.485131243991258,0.881296157837
1.5415725116471848,1.06308019161
1.1651775678472036,0.9057049751280001
1.5902571403930323,0.690955996513
1.44144128740701,1.3559700250600002
1.7308408983684305,0.757239997387
1.563167687485948,2.04375457764
1.9451753222371662,0.8576130270960001
1.651204914212026,2.36495709419
2.1350893717761723,4.17923116684
3.1897505636535106,2.23356199265
2.6920957789465456,0.8013390302660001
1.7214476482608403,0.83728402853
1.5297273103861915,0.8851529955859999
1.4568410234718137,0.9040349721909999
1.1752899863492476,1.30293953419
1.608227771073238,0.722869992256
1.5176031268643746,0.800912022591
1.4836861285900904,1.03291928768
1.615388527599341,1.3216282129299999
1.4860794023811184,0.93677598238
1.6094813906780623,0.700770020485
1.1312368444300096,0.762431979179
1.096630228274092,1.14493894577
1.650425585633765,0.772161006927
1.5299926295066784,0.8772150278090001
1.548762606854475,1.2435050010700002
1.7356153715473985,0.638184010983
1.5562697081007346,0.746819972992
1.477998555156544,0.683992981911
1.4475981738237411,1.4195051193200001
1.6843123979003292,0.614147007465
1.5118961708363974,0.7347676754000001
1.4664131653935766,0.6770560145379999
1.4375914593066257,1.07402694225
1.6167800495973284,0.615638971329
1.4685631505539622,0.9692379832269999
1.541759453063416,0.9916120171549999
1.6171539324297912,0.808956027031
1.475486655650967,2.4351439476
0.8893332749209815,0.822347998619
1.7259736429341546,0.593822002411
1.1540474042638182,0.576224982738
1.095161069982565,0.42242398858099994
1.0935218108896396,0.676587998867
1.4745631756463655,0.552034974098
1.1136444391307456,0.9015229940410001
1.5334641263103044,0.748996019363
1.494794473515264,0.8627583980560001
1.358078231581616,0.9480749964709999
1.1252945434576325,1.05561387539
1.4946971368798438,1.9700200557700003
1.151082185063357,0.9391199946400001
1.257512116998639,1.00904297829
1.6096110316375338,0.7824029922490001
1.5569913125589694,1.01626503468
1.110322177712655,0.878274977207
1.562471502823688,0.735361993313
1.1491017711252867,1.1099909544
1.663766424140426,0.772719979286
1.5525425305159288,1.16498196125
1.656230407876245,0.715721011162
1.523981271421903,1.47547900677
1.7112223234983415,0.835452020168
1.6221924537394474,0.734466016293
1.4928732665186515,0.786192774773
1.486722523219281,1.14346504211
1.6617205542277202,0.924699008465
1.6099133153780008,2.95876455307
2.46400924545544,2.13832402229
1.7912590931046155,2.03871202469
2.266431339261663,1.4802099466299998
2.0083183072702173,0.9367650747299999
1.6321921778126698,1.71593976021
1.9411070957230316,1.00140202045
1.6779724889525793,0.889622986317
1.5615304407935373,0.749293982983
1.4917397554498082,1.1151839494700002
1.653847302003607,0.9457820057870001
1.6230429577464378,0.645218014717
1.4473498012339039,1.16484200954
1.6501101683320443,1.2443510294
1.7043895882561302,0.9045109748839999
1.6044596040674228,0.5575259923929999
1.391895457156699,0.577834367752
1.0827959279780703,0.719983577728
1.4183503684067624,0.76077902317
1.4810900260103468,0.540440022945
1.3624464116882533,0.8009672760959999
1.3750087689431858,0.771014988422
1.3836938659012445,0.670971989632
1.1689139601080503,2.7689704895
1.1130006827976837,3.08613300323
2.902385701444057,1.11635804176
2.0013221439230513,1.01826095581
1.657327060240925,0.744261026382
1.5261605952634765,1.1143867969499999
1.6354173144269732,1.3805164098700002
1.82675974466813,1.22909843922
1.7885809057670365,1.57323896885
1.9189554381840532,1.24559795856
1.0039745423668416,0.829861998558
1.4153853610379346,0.537698030472
1.3795086024098093,0.8593800067899999
1.3518663748560895,0.794964790344
1.5067752470214562,0.812288999557
1.501693194311193,1.20946097374
1.701711189086918,1.04361104965
1.6839381973204166,0.9914460182189999
1.2008241714059402,1.37764596939
1.6854277973645404,0.7495359778399999
1.311231136337297,0.754966974258
1.437778188891224,0.852221012115
1.5171336020495565,1.31262803078
1.6523292106048282,0.949999988079
1.1893298692452157,0.8433979749680001
1.3935950882650645,0.632993996143
1.436866677373894,0.6848490238189999
1.0404503608534397,0.829603970051
1.0942510412866668,1.11777603626
1.6473964991959171,1.0605150461200001
1.498936311521909,0.9966710209849998
1.5960992450029423,0.6726049780850001
1.4812516535464197,0.84998100996
1.515888561625874,0.792970001698
1.515250630662723,0.7509549856190001
1.505428845161324,0.9556260704989998
1.5057733893125993,0.6085839867589999
1.2706177164767165,0.778249979019
1.46427059434035,0.509814023972
1.3753397558699412,0.636431992054
1.0788435733672541,0.6015599966049999
1.3809379363543093,0.65563338995
1.3590264958872929,0.638554990292
1.4048251304634676,0.8762890100480001
1.4174427757746453,0.7967479825020001
1.5097510578035735,0.682483017445
1.4440129234331278,0.802550017834
1.1727704609048781,0.795031189919
1.5002123852798441,1.58489704132
1.8816734944176041,1.0174859762200001
1.7320779951058711,0.917778015137
1.448569633693245,1.2302210331
1.1487160257213689,1.0278990268700001
1.6095117885174155,0.9125559926029998
0.9148048637300861,0.793597996235
1.508403808616909,1.0304379463200002
1.5247609177476136,0.532537996769
1.4339002930994507,0.612778007984
1.3711944226413497,0.874128997326
1.4970936940611852,0.366723001003
1.3225411449772042,0.7391750216480001
1.4046547119146198,0.560423016548
1.037512150186202,0.775817811489
1.1015758614126239,0.8102909922600001
1.3988438524705957,0.6437510252
1.1605752078701483,0.723645746708
1.4709232726944066,0.9113870263100001
1.4552879798535696,0.662783026695
1.4577083680936374,1.0020359754600001
1.1059256121671794,0.8224419951440001
1.5437034319605893,1.0305769443500001
1.6162244152236458,0.678113996983
1.4772281235068743,0.533345997334
1.3844909883366878,0.320995986462
1.2350772405661747,0.7608630061149999
1.434724212236484,0.7439860105509999
1.466935224453409,0.546840012074
1.1130093678946418,0.7004669904709999
1.1067134140107653,0.8356525897980001
1.4006372190766183,1.27425897121
1.6272375418297305,0.893445014954
1.622054551346284,0.621165990829
1.44066439489253,0.790015995502
1.5299729291647979,1.06749498844
1.0115659526030842,0.66980099678
1.1027534334611566,1.26569497585
1.1917641324572532,0.638062000275
1.2988778569042574,0.9348030090330001
1.5314302248848704,0.8006410002709999
1.1329892216150228,1.08570897579
1.6512528940769284,0.352703988552
1.3198519423947028,0.588370978832
1.3669589550528642,0.48754200339299997
1.340657939484265,0.46368801593799996
1.286979274071717,0.363703995943
1.2589841350172135,0.875024318695
1.0784574043000703,0.6435279846190001
1.4667012564146245,0.4834130108359999
1.344048728435671,0.212089002132
1.1837749024140047,0.45604699850100006
1.1970568517266573,0.43679100275
1.2811782647986332,0.723880410194
1.4258856432602276,0.556069016457
1.375814152812321,0.474842995405
1.3458889098326139,0.267464011908
1.2159689681002799,0.958843708038
1.498769811858274,0.78689801693
1.5332161773837334,1.7943609952900001
1.1514739676688188,1.33767795563
1.8409433553271726,1.2104539871200002
1.775751746570185,0.56547999382
1.4629961093196633,0.40084299445200006
1.280268977513451,0.272765487432
1.197589290536513,0.583644986153
1.3527711077611593,0.853380262852
1.5025085342670852,0.866061031818
1.554804045031154,1.15834999084
1.6847608454676513,0.7764859795569999
1.5411006566844023,1.06880700588
1.5891708677783758,0.5888479948040001
1.4273266279445493,1.5888684988
1.7905596250520421,0.432785987854
1.4322377325268818,0.399603009224
1.2447312554141396,0.554534971714
1.3139533846545657,0.6221979856490001
1.1376298172018566,1.14955198765
1.635962780882266,1.12126004696
1.1540806618302186,0.9776459932329999
1.3306414807120257,1.73274195194
1.1588812962158772,2.30270791054
2.3700627634917524,1.05347704887
1.8179111136893003,0.796280026436
1.5844093163290283,0.520332992077
1.3818094116929789,0.610480010509
1.342532119858324,0.445305794477
1.3137414471056257,0.652213871479
1.403156214941905,1.17554116249
1.656748018471782,1.0322021246
1.2101241096791395,0.7193930149079999
1.4969870368339075,0.820013999939
1.4971840402527123,0.9497330188750001
1.5522117554208066,1.0391149520899998
1.5553627509635168,0.58838301897
1.3491095979826218,0.950855970383
1.581105590178836,0.527760028839
1.4204634948629848,0.773606300354
1.4807234513692267,0.970355987549
1.5932301973639191,1.38388991356
1.805411988176855,0.779523015022
1.6097247852245211,0.606999993324
1.4074344725202814,0.466057002544
1.3073547233669558,0.945527017117
1.4436215644909325,0.623872995377
1.2890074560430567,0.39232400059699996
1.1691269568151559,0.5156549811360001
1.108151009388957,0.967938542366
1.5288665325449946,1.3565659523
1.5663193185235578,0.9072690010069999
0.9990783719146443,0.816276013851
1.5398184398091066,2.47986698151
2.3227162751723447,1.1330800056499999
1.9197381560684441,1.04558396339
1.6776428789314395,0.847437024117
1.4267581777570628,1.5365229845
1.1660658838007065,0.900898993015
1.6623971444639165,0.48120099306100006
1.3666594251236277,0.85725402832
1.5058966753230771,0.861747980118
1.424183893835531,1.0086940527
1.5057730715651496,1.12772703171
1.6664925913429074,0.77955698967
1.002776846313162,0.989550292492
1.5868733418855194,0.8363329768179999
1.1816236462638203,0.9099559783939998
1.42848947769458,0.551105976105
1.3963283518272556,1.23976433277
1.0887819721826875,1.21183896065
1.6003072803949383,1.37998199463
1.829243470566502,1.14846098423
1.7519450484816137,0.766390025616
1.1862528029424655,0.9660840034479998
1.502247345863444,0.815675020218
1.5286975968175787,1.1422729492200001
1.1182464813603512,1.2994799614
1.7803737009733043,0.858331024647
1.5935652090917038,0.714946985245
1.4588727006651,0.8764400482179999
1.4072677610250133,0.830546021461
1.5161324857514153,0.853524029255
1.3985038626994328,0.909241020679
1.4266572399838795,0.520272016525
1.399531563867531,0.741104006767
1.3671807427727445,0.585331976414
1.3420052945867462,0.504777014256
1.1003234068817818,0.5519493222240001
1.3558939296966643,0.969752013683
1.5691500246369854,1.11651599407
1.6808923761835521,1.0498449802399998
1.6690213314633178,0.634262979031
1.4615785320308017,0.5644329786300001
1.0974330701636297,0.9184709787369999
1.5256727470123932,0.9593539834020001
1.4594698540388749,0.598415970802
1.4211235622317973,0.9383450150489999
1.4521277696348185,0.45422500371900004
1.2169505958881737,0.7079470157619999
1.4839821632973802,0.38765001296999996
1.2857725751736295,0.448433995247
1.276370004474182,0.840570986271
1.50077162079129,0.533711016178
1.3912888772752503,0.721135020256
1.4417687791118188,0.521538615227
1.2587076947359874,0.705075979233
1.4255298720323968,0.640564978123
1.4063688534898542,0.516858994961
1.3178654912550882,1.66040945053
1.0701901452383473,2.46530795097
2.418429644787915,1.62215602398
2.027242498046928,1.8662700653100002
1.2340033601020557,3.62353610992
3.011504624130207,0.794870972633
1.796204726243147,0.906598985195
1.4527927091311927,0.8571879863740001
1.5591907604056896,0.775637984276
1.1602861636067516,0.700670003891
1.3450566233460721,0.6443409919740001
1.4223926455458396,0.7579550147059999
1.3710606509650323,0.549960017204
1.3813199747046474,0.49646699428599994
1.3496141809327216,1.36767756939
1.7286259868124925,1.3978940248500002
1.7837719040318696,0.814813017845
1.5946550828441235,1.27889895439
1.7302448041528213,0.862398028374
1.6415936893539518,1.09386599064
1.6496257093870912,0.813471019268
1.54714675515701,1.46668708324
1.8204183528989486,0.9060310125350001
1.6498885924437972,0.7652140259739999
1.5028721432653414,1.3110339641600002
1.6459216214502956,0.789250016212
1.1632915249016895,1.47490203381
1.8109395228115766,0.9167850017550002
1.0683490105990556,1.18614006042
1.5336192929815673,1.4113919735
1.182893047325312,2.09247207642
2.001858713449753,0.718922019005
1.3100261320922748,1.3018610477399999
1.727384229779123,1.26897478104
1.8198972470814652,1.2219970226299999
1.7614579834619186,0.906111001968
1.6026019465607473,1.0788739919700001
1.5703198648309094,1.0280250310899999
1.641531304937997,0.7863690257070001
1.5205095627866438,1.27685296535
1.7417211006247302,0.709342002869
1.5404292563232178,0.520192980766
1.4468920330747244,0.564561009407
1.3425839126926227,0.9855200052259999
1.563226894427406,1.09284198284
1.673186788697056,0.47868999838799997
1.3959070187089733,0.39550599455799995
1.0842490929812967,1.85070300102
1.688842841037939,1.1957960128799998
1.8455822562609414,1.70251083374
1.180176730293771,2.9983510971099996
2.4995137099883507,2.40708088875
2.4776060824907304,2.5859439372999997
2.450901315829398,2.23383903503
2.451083279202251,1.65577304363
1.0054423237527537,1.4306110143700002
1.7925029684543161,0.8921740055080001
1.6421949734445724,1.23169696331
1.7269897992782475,0.895507991314
1.3584753099779059,1.60203301907
1.9088699222994159,1.58539903164
2.0045343588077342,1.2320599556
1.8267976625304592,1.21037101746
1.6913067606786136,1.24214100838
1.1751196737162164,0.9857040047650001
1.4612666099510274,0.728968977928
1.4853673303463741,0.6761519908910001
1.474296055956997,1.07157301903
1.6004685901835616,0.9457439780239999
1.6500712972273661,0.43763700127599997
1.3412950231208836,0.514182031155
1.3035065899196363,0.338719010353
1.27044602693807,0.714428007603
1.4033567135826563,0.499619990587
1.0128808974656978,0.79173797369
1.4381393618256992,0.864624321461
1.129747032554253,0.602496027946
1.137312705247071,1.2600699663200001
1.5866986867040094,1.01233994961
1.4977943271877407,1.00452899933
1.6463985603722728,0.631023526192
1.451000825346602,1.1412210464499999
1.095669254070428,0.542609989643
1.3916820367863274,0.854745984077
1.48865061474397,0.7744219899179999
1.4955963621624526,0.308434009552
1.1412465245899888,0.837620973587
1.3997338630771636,0.7293469905850001
1.349976095277913,0.7503905892370001
1.1452071406344966,1.13482201099
1.1450630951239729,1.61424005032
1.783518765230287,1.2447930574400001
1.5941969969374943,0.714163005352
1.557017261934027,0.729304015636
1.4298941332538213,0.648698985577
1.1423213582964569,0.342799007893
1.2551730721056906,0.386186003685
1.2866622680327477,0.636629998684
1.0642242250388771,0.39904800057400003
1.280644449083162,0.417885988951
1.0856784269257966,1.10379052162
1.5881523812863185,0.695618987083
1.487116424141074,0.8070139884950001
1.083912386600447,0.594769001007
1.4196427532004483,1.1076079607
1.5022822980829094,0.971358001232
1.1821388207955763,0.717034995556
1.1580671213339675,0.67648100853
1.334174302773441,1.6877729892700002
1.829179921076565,0.990756988525
1.7276727444634372,0.808203995228
1.535254103610197,1.08771896362
1.5912812404233674,1.5648180246399999
1.7842887732166905,0.667380988598
1.250531946939774,1.2564899921400001
1.700201888700914,1.09188604355
1.705265829806545,0.737550973892
1.4936215617626598,0.6224380135540001
1.418871262392613,0.8364729881290001
1.49135803484692,0.577426016331
1.4215469077505944,1.0157610178
1.5104433235806207,1.10615897179
1.6435164850878128,0.6945540308949999
1.1787907159182447,1.13090395927
1.653252584693613,0.951821982861
1.6310202193024146,0.752457022667
1.5037965765122918,0.558522999287
1.3770977465932321,1.4158363342299998
1.7501651331842945,1.8552980423
1.9695736660770513,0.7845479846
1.6294696117479515,0.8210539817810001
1.4923111712801584,0.583589017391
1.389723547422285,0.835972011089
1.1104606096849012,2.18466305733
1.1484283583635875,0.680548012257
1.6429009023619563,1.238904953
1.119527744993298,1.03032803535
1.6850155730064822,0.791410982609
1.5347980301040824,0.842372000217
1.4127477394580987,0.446471005678
1.1373230849970941,0.558933794498
1.3392470348918466,0.709932982922
1.407054976149541,0.7334340214730001
1.4579559992727587,0.7833399772640001
1.1143796008135005,0.842680990696
1.142391156819571,1.09976100922
1.5241314600497875,0.8706315755840001
1.5801581731996917,0.586246013641
1.4097440728162258,0.8863990306849999
1.4485787424534693,1.0193990469
1.4861316188786833,0.849361002445
1.5564192612337198,1.0106669664399999
1.609853790689093,1.33151602745
1.7894593715495992,1.2150089740799999
1.753319518033135,1.64559102058
1.9776800390134168,0.970878005028
1.2589568087365406,1.4112720489500001
1.6841535241754866,0.7953929901119999
1.6248755132045882,1.04633104801
1.6157216328424273,0.887933969498
1.523519478461694,0.8349300026890001
1.1256818775987985,0.9847199916839999
1.4610797744506125,1.09039402008
1.6640699788706919,0.490164995193
1.154236675828014,0.6141669750209999
1.393698885765295,0.631474018097
1.3838445841082119,0.825244009495
1.4128084292209886,1.05145096779
1.1411667699801178,1.0471149683
1.6014138888463747,0.39214301109300004
1.169284983213466,0.46951499581300005
1.0129935918945194,0.772090017796
1.4473854948640852,0.7520099878309999
1.494688134035436,0.687739372253
1.332704826734464,0.6718119978899999
1.4253667616748917,1.18593323231
1.6782582498256629,0.657198011875
1.3479287425437754,0.8213180303569999
1.3650435734261626,0.7795739769939999
1.3916696446357897,1.03012299538
1.6073918834489331,0.621188998222
1.454007351715522,0.8660820126530001
1.5048871916754276,0.9608931541440001
1.5867588468878164,0.6760399937630001
1.467203721048393,0.740238010883
1.1411454809009889,0.598470985889
1.4024414950117468,0.615105986595
1.3042091295308902,0.935873568058
1.4997976189421887,0.58182477951
1.4265613861698911,0.715665996075
1.0622435992691734,0.6529520154
1.1159101902786335,0.9700022935870001
1.4976721003354285,0.7834500074390001
1.5086585361557396,0.744813024998
1.462817323421307,0.8276180028919999
1.1037144076648209,0.8943400979039999
1.513079144591575,2.50501704216
2.0849854710883977,1.62071204185
2.136384934044355,1.41758596897
1.909491859974266,1.04987204075
1.516858538673946,1.22650754452
1.6765539584213687,1.0431790351899999
1.6649316040384212,0.9694439768790001
1.610195051450055,0.819225013256
1.1665944037253493,0.8129550218580001
1.5153923460252823,0.671208024025
1.4572590731997828,0.528989970684
1.3551049627790963,0.346193015575
1.1116118086951103,0.478949010372
1.2939107228549638,1.15381097794
1.6207324042081446,0.9671270251270002
1.1831305105860435,0.784583985806
1.206850675452484,0.470185995102
1.2241729954195155,0.563278257847
1.2687386639750955,0.241623997688
1.0864157069248825,0.270985990763
1.2219916591774274,0.199468001723
1.1411544837453966,0.132716998458
1.1013917797234396,0.4732620120049999
1.2573174437277987,0.6585559844969999
1.127606473901541,0.9621880054470001
1.1058356896389185,0.511197984219
1.2477124679029017,0.9829789996150001
1.4916436898041867,0.910009980202
1.558581003049744,1.0265760421799999
1.6155487782297988,0.830938994884
1.448127646990733,0.9651920199390001
1.4836353949139574,1.00054395199
1.466534862666806,1.98318505287
2.0865867064031773,1.27485501766
1.8328848563398927,1.28652596474
0.8945422147794855,1.3822449445700002
1.8662260962353476,1.73692405224
1.2354140528628408,1.25766801834
1.8683800002809463,0.7533379793170001
1.3834291822756568,1.0849089622499999
1.1239070462606742,1.06249403954
1.4407840797652447,0.778762996197
1.5337490398568554,0.825646996498
1.4869332956942387,0.989183008671
1.5615811744696704,1.41809201241
1.678101388501335,1.15167796612
1.5923102125812643,1.25036406517
1.7635282140124335,0.879401981831
1.6054948252584966,1.0894230604200001
1.6576151512619726,1.8090629577599997
1.1781462181744669,0.868739008904
1.6386422392096438,0.8521729707719999
1.133889082392531,1.3078379631000001
1.6972876150082192,1.2625759840000002
1.2270046547752922,0.760155975819
1.5616590225948432,1.06988704205
1.6338102537422827,0.8579840064049999
1.5778095958832528,1.14932394028
1.63593524276996,1.06714296341
1.6683456944694708,0.740061998367
1.3827484613226149,0.679988026619
1.4259588310894715,0.7323921322820001
1.0387155656939757,0.835274994373
1.3888534489892308,0.600082993507
1.298305699663191,1.0105639696100002
1.481008047168328,0.761397004128
1.145125373624111,0.726006984711
0.9949599413034595,1.06432402134
1.1263242570262453,0.5901079773899999
1.4501250074594534,0.774465978146
1.4676892391515117,0.7406870126719999
1.3642620206157539,0.8908360004429999
1.5441917038749389,0.7620100975040001
1.5018020757706185,0.777450025082
1.4515327345773748,0.581107020378
1.3956403226828709,0.7908779978749999
1.1720222715766864,0.890371978283
1.157477382067352,0.788205981255
1.3781901623252495,0.730194985867
1.1215927856688013,0.9248933196069999
1.216067787557132,1.26558697224
1.7402356312974525,0.7884140014650001
1.5636824383544379,0.91806101799
1.5748453299251408,0.656926989555
1.451758864845734,0.825268030167
1.458766890764355,0.42572298645999995
1.2104771270957397,0.9114630222319999
1.0135082368471926,0.7238519787790001
1.4644767065193791,0.9657319784160001
1.577749117951996,0.719420015812
1.3468254174826522,0.714648008347
1.4463612889179336,0.618879973888
1.1942973210419592,0.850296974182
1.488305752845245,0.611301481724
1.4093339667744988,0.840580999851
1.5330123953526689,0.590990006924
1.3961405630844916,1.1918078661
1.1392851754988993,1.07247805595
1.578408549825909,0.7976800203319999
1.5324956320836642,0.714037001133
1.468814806534113,0.8885610103610001
1.120980062669992,0.736729025841
1.494084731628484,0.9655410051350001
1.5806413611548462,0.856945991516
1.5614499447729504,0.583833992481
1.1295178307272133,3.0475621223400005
2.5578434566535724,0.8865389823909999
1.8797856509032085,1.1864609718299999
1.7001732914304424,0.87507301569
1.5742205325232432,1.11197304726
1.6593691171842342,0.692927002907
1.4308481170135925,0.563274979591
1.3724052522562828,0.551968991756
1.1183455126488364,0.921135008335
1.4577510521677117,0.546503007412
1.3980024572238297,0.9997850060460001
1.1720788306227303,0.75122398138
1.5372999735229027,0.840256989002
1.4805081245141567,0.784314990044
1.450534478006281,0.591548025608
1.29302336014381,0.610984027386
1.389134231818936,0.9328789711000001
1.5392252053205444,0.799202024937
1.5118669380710266,0.983354985714
1.5819666857674826,0.54052901268
1.249082488990127,1.0936700105700001
1.5930943073712704,0.926633000374
1.5982822758980952,0.797241985798
1.5069030874120461,0.589605987072
1.3992489804689443,0.7799540162090001
1.3319787738119337,0.518279016018
1.356356040404323,0.7263879776000001
1.442940208042991,0.621636688709
1.416829099533487,0.881067991257
1.4589547854229354,0.731501698494
1.1445503566559976,0.970385015011
1.4724492018636108,0.871535003185
1.4218680445064094,0.5505740046500001
1.396977615782779,0.257629990578
1.2086332386452172,0.6952109932899999
1.3726638986803266,0.35474300384499996
1.1065417244721187,1.30835092068
1.6763807860612903,1.42471003532
1.1994846540738846,2.4222431182900004
2.125327110963681,1.58809316158
2.1255620322448148,2.8828899860400004
1.2394648032672428,1.51081001759
2.1488954984649884,0.5103110075
1.4040122265713566,0.663749992847
1.4175192469942028,0.586565971375
1.3854151038361886,0.9182999730109999
1.4657641132696866,1.1263630390200001
1.2081082139425208,0.9455379843709999
1.627921016594003,0.7979699969290001
1.5214354788550262,0.88952600956
1.54129818968229,0.501745998859
1.3690573592105844,0.788908004761
1.4417824422521552,0.557146012783
1.374498148791542,0.8079270124439999
1.43978306938292,0.7382910251620001
1.4003122693514072,0.6742079854009999
1.4211007903312365,0.878771364689
1.4255735093488202,0.7401880025859999
1.2040218758237542,0.8886500000949998
1.0636139381038485,0.798327028751
1.5255074124227403,0.513779997826
1.3748179086417418,0.776037275791
1.4647552651169364,0.852828025818
1.5313338414917992,0.785162985325
1.1290276523281657,0.8431609869
1.5231591528537511,1.02479887009
1.6165115530023446,0.8044279813770001
1.4525805597506196,0.8841310143469999
1.422396882178502,0.36156499385799995
1.3041051201990266,1.1714910268799998
1.6263967820778638,0.44779101014100003
1.3889990832370032,0.766573011875
1.4621163725473019,0.773559987545
1.1367316510774135,1.05482304096
1.6259777791075456,0.784330010414
1.5326097034181012,1.0342509746600002
1.6138789094658872,1.09697902203
1.1634608842923717,0.7633029818529999
1.5336903624944802,0.5883730053899999
1.1266170083432216,0.636563003063
1.4008210889341695,0.575070023537
1.3383094680836425,0.539964020252
1.0864205790524444,1.32467114925
1.6271166918830335,0.817846000195
1.5965510818763944,0.635960996151
1.1416192423484695,0.813592016697
1.0874420311873654,0.987214028835
1.460164555879703,0.983928978443
1.515897988133548,0.590479016304
1.4193904617253983,0.898679018021
1.502403677608689,0.626800000668
1.448490832325723,0.692685008049
1.1441435340045842,0.575704991817
1.285592412369658,0.676468014717
1.4190854241737008,0.827947020531
1.5543302835836736,0.654785990715
1.0082197542104507,1.0858155489
1.523884358449749,0.8509550094600001
1.4370504413156284,0.887935996056
1.1319569660668125,0.6557850241659999
1.335572497467872,0.659780979156
1.4114622391924894,0.885627985001
1.5358604716600126,0.750299990177
1.1679565870421493,0.930316030979
1.1135990012454406,0.7259460091590001
1.484128433040052,0.7123904824259999
1.0522321185403127,0.9326570034029998
1.5523572837527624,0.654497027397
1.4551743321823989,0.498726993799
1.2895437078223086,0.9782410264020002
1.5520473740735028,0.559324026108
1.4288651610959244,0.8733990192409999
1.5092806856622232,0.6232500076290001
1.1327927477753008,0.631924986839
1.4070857976521605,0.833535015583
1.0907571962457463,0.861343026161
1.3088952689188456,1.03601300716
1.6130958738340466,0.6160370111469999
1.147292940810046,0.987452983856
1.5514129383322983,0.668673992157
1.4413665108405174,0.645533978939
1.1074526004945493,1.00703001022
1.5688309002816851,0.7763000130650001
1.4749155575680664,0.9358490109440001
1.4616877312376766,0.6626719832419999
1.4073247437343235,1.11335194111
1.6420407600156588,0.54953199625
1.3963880883477964,0.927363276482
1.529874533371212,0.821533024311
0.95808185454556,0.919354021549
1.563027031281554,0.6899859905239999
1.4699482116871396,0.649773895741
1.4445792553042833,0.970504999161
1.6073482461325097,0.8034440279009999
1.385061980503772,0.8920990228650001
1.1475972369510279,0.746227025986
1.487744928596551,1.4954074621200002
1.7921282382953208,0.7597569823270001
1.5846924293066977,0.967728018761
1.1606521027529721,1.12601101398
1.1510617433107606,0.764141976833
1.5385178994975455,1.42381894588
1.1275813718530159,0.830919027328
1.6412633379220958,0.531687021255
1.0725609648762644,0.694292008877
1.4109931380409377,1.09710001945
1.6223178580662565,0.86237102747
1.5250089725900011,0.971195995808
1.5820650815610684,0.750190496445
1.478655656882493,0.565989017487
1.212198047283234,0.7235890030859999
1.075801035620703,1.0888769626600001
1.6616985237378754,0.261454999447
1.279383097623729,0.192316800356
0.9854735911931116,0.204839006066
1.1433944973498598,0.375299990177
1.2224075905890652,0.18789100647
1.0688377061766712,0.417883992195
1.2107599223259593,0.612834990025
1.39282942282714,0.48221001029
1.0448275438044847,0.813664972782
1.0786088639177536,0.899798989296
1.553874421909192,0.766745984554
1.1651416623853892,0.6762999892229999
1.3469959419473165,0.9804093837740001
1.1042176137093056,1.07553303242
1.6600698562266063,0.645973980427
1.002776846313162,0.76016998291
1.4578139661627494,0.8707180023190001
1.5277098259123243,1.04555702209
1.1323573278534156,0.483233988285
1.1603466415380084,1.08598899841
1.5582895227225662,0.7320979833600001
1.3561445265186491,0.712899029255
1.460246958384988,1.0453890562100001
1.6151012839048255,0.735920011997
1.0000033347406776,0.8956930041310001
1.5369321278919839,0.874550998211
1.5486844409818525,0.923747003078
1.5647306871909488,0.9997780323030001
1.6094785309510151,1.73953402042
1.1645690814810568,0.810788989067
1.2528648487153617,0.7049050331119999
1.445791885488098,0.832826972008
0.992098731434862,0.827660024166
1.1256634482467167,0.8953109979629998
1.1583214252095322,1.45950102806
1.8269616202144967,1.17951905727
1.2291253012544905,1.4434119463
1.8745360393711448,1.30673503876
1.241389187738352,0.763499975204
1.5146596204063085,1.1451480388600002
1.6032338403223543,0.725345015526
1.5068266161924886,0.76335901022
1.4744778074982168,0.61748200655
1.4108337347370123,1.02932298183
1.0949257250381648,1.30205595493
1.7730686871050445,3.16412496567
2.7164545102710367,0.9734439849850001
1.405537626161478,1.2296710014299999
1.7398705394777645,0.744153022766
1.5373167082219195,1.0630340576200001
1.3961648178064843,1.1238720417
1.1629632917861648,0.898477017879
1.5995689412376866,0.7175139784810001
1.4825116281002377,0.536750972271
1.371249710697595,1.17544305325
1.5675687014957194,1.10104894638
1.7094024779381785,0.573449015617
1.2238469865361385,1.4311449527700002
1.7446858961619252,1.0377949476200001
1.7018343691815794,0.656862020493
1.4583167485439676,1.0749080181100001
1.612807465065549,1.3859720230099999
1.4933011664175606,1.0048049688299998
1.6739651640329678,1.6095399856600001
1.1421046545357716,2.8175759315499995
1.285433220897366,1.96256256104
2.3481216665960982,1.27975201607
1.3118510616116328,1.9953299760799998
2.0584527117131617,2.03338599205
2.2528984753795758,1.3074439764
1.9364251929677387,1.61125802994
1.9508121619945795,2.04021811485
1.2681482892135807,2.18324494362
1.3122666752758207,1.35141599178
1.951247476000648,0.7242180109020001
1.5490743171026162,1.3633890152
1.7586587343460098,1.52680897713
1.919837505104379,1.7840195894199997
1.987231315519317,1.10359704494
1.791611792773766,1.76300799847
1.9431493644979743,1.15754902363
1.2657427291878316,1.15332603455
1.1978775933891939,2.3628110885599996
2.29460473463544,2.58078789711
2.457840708298887,1.24214696884
1.9827131586164284,1.7128210067700003
2.014005351124681,0.6676509976389999
1.582620715934751,0.8271329998970001
1.438272074343851,0.9642647504809999
1.4637083931860406,1.3941617012
1.74295915060452,0.758404970169
1.490899843024474,0.690075993538
1.3454991396276668,0.674024999142
1.4049491578846613,0.861522018909
1.5301813714917913,0.790746986866
1.4889752467217314,0.728500008583
1.1610894291595555,0.24119800329199997
1.1022646319677245,0.335460007191
1.1896022847254124,0.591246008873
1.4038468919817038,1.0584269762
1.6610939562569413,0.766991972923
1.5337390837700986,0.588123977184
1.2916345919570529,0.5922303199769999
1.1367323924881294,0.875351011753
1.5114089580802137,0.7038279771799999
1.4690728174632572,0.567749977112
1.4332239146948877,0.713387012482
1.453421637249936,1.07750594616
1.6209339620070613,0.690941989422
1.162455319529935,0.772458016872
1.1080321718427748,0.7237120270730001
1.4604150467858714,0.9752489924429999
1.1096249338922295,0.9151769876479999
1.436346418882943,0.757400989532
1.5230587446596506,0.691206991673
1.444150402163025,1.1835279464700001
1.0066114225359615,0.7705749869349999
1.5501355935845644,0.8947700262069999
1.4477831028394579,0.614335000515
1.4099744397172473,0.769231975079
1.1032958283577692,0.907074987888
1.1505640448887373,0.40680998563799997
1.328227871084218,0.513888001442
1.3002562453409912,0.24814699590199998
1.1868929581377643,0.256875991821
1.030378719940772,0.598065972328
1.3416426388308391,0.598169982433
1.3736677687896983,0.880114018917
1.513904122886774,1.08564901352
1.6395411467448027,0.9920129776000002
1.1479149844007128,0.8743849992749999
1.1661282682166614,0.8770260214810001
1.56790784394035,1.008928895
1.1506838356772686,0.808875977993
1.5464497231682175,0.6714209914210001
1.3483231730446512,0.744962990284
1.465320325998293,0.694267988205
1.4672134653035167,1.00188601017
1.465829992907588,0.793558001518
1.5299709167642832,0.845004916191
1.4037279485197052,0.803124010563
1.127656995746041,0.5744469761850001
1.3953209864959373,0.567972004414
1.0884425119906072,0.453808009624
1.3007738559365283,0.8494881391529999
1.4741684273980402,0.40645998716399995
1.3257385316475685,0.24535199999799998
1.2129750457135307,2.32321810722
2.110385143058057,2.02711558342
2.31810342952945,1.5811179876299999
2.0483966404255285,1.72704994678
2.039693325947021,1.15064203739
1.8021184299450526,1.6079339981099998
1.942405411802445,1.33123397827
1.8724929232696699,1.22164201736
1.5776811199977634,1.58354198933
1.9189134955206948,1.60866212845
1.9131126980792441,2.18565392494
2.2745629201623707,2.98955988884
2.7477028536312327,0.75744998455
1.3697918853984397,1.8113440275200001
2.0002871345636106,1.5279519558
1.7231521514967676,0.889223575592
