predict,actual
1.1882253791101105,0.623775005341
1.2172134789448799,0.691469013691
0.9922659725092129,0.8557710051540001
1.2114553655775036,0.709383010864
1.4153607885684922,1.01454794407
1.506375626645569,1.1157310009
1.6866088646350197,0.41828301549
1.172989918476794,1.00228095055
1.6221593020888636,1.21886098385
1.518763646466441,1.14329600334
2.0356267940859514,0.652818977833
1.2390484481923387,0.6746559739110001
1.370995936401113,0.6009536385540001
1.0952510984266424,0.6694570183749999
1.430304027463915,0.653807997704
1.350135816329288,0.781412005424
1.4703434895145477,1.20630395412
1.8760525420326752,0.846925973892
1.5506411297770133,0.82864099741
1.3810069934667075,0.648239016533
1.812904261208796,0.56237000227
1.1889358624076063,0.718330979347
1.2033919944626619,1.09964799881
1.328191118295871,0.954171001911
1.4932558344480722,0.729013979435
1.3601525928489768,0.669449985027
1.1241354007611812,0.863121986389
1.7674631984293334,0.646466016769
1.373220062633092,0.822318017483
1.2576333906086021,0.9235979914670001
1.567961966922613,0.8300920128820001
1.3385740457934137,1.06731402874
1.346041322692646,1.54617500305
2.2965247765580705,0.682727992535
1.5781170694987314,0.6385620236399999
1.5079622455776631,0.6464239954950001
1.400743876303896,0.688109397888
1.594203351886488,0.727398991585
1.3554861538029017,0.650035023689
1.266267224311445,0.869369029999
1.5733467270366093,0.44085800647699996
1.0814327914189212,0.451860994101
1.3289933246905092,0.757507026196
0.7618684088586394,0.495238989592
1.1004917071142983,0.685087025166
1.0972870122525913,0.724381327629
0.9415714852282905,0.8653740286830001
1.6764053585307326,0.740046977997
1.5061353036577905,0.807075977325
1.2453985250584785,0.8204330205920001
1.4858820812148639,1.11441195011
1.4551723197818842,1.1086050272
1.5591313416325985,0.475149989128
1.2911981128770023,1.0392680168200001
1.35877706413929,0.9457899928090001
1.4571781535159296,0.787750005722
1.7960280586611224,0.350454986095
1.256036603758118,0.9367713332179999
1.4154275155329261,0.986805975437
1.9144718098373636,0.647023975849
1.284214553512007,1.02977705002
1.7261165233706963,1.1874469518700002
1.5131394106911986,0.9328820109370001
1.8394654060228708,0.7528370022769999
1.275228973382363,0.642004013062
1.631170937509382,0.23073400556999996
1.3840271829759643,0.47149971127499996
1.3054360583499407,0.8772729635240001
1.4762599470276838,0.787630975246
1.3348115982416928,0.27422198653200003
0.766782373168019,0.39922699332199996
0.996421049992928,0.992351233959
1.334401915863232,0.7627239823340001
1.2541603050677277,0.7200859785079999
1.2437040838251245,0.626478016376
1.229211198981722,0.726989030838
1.3181864161792702,0.9301019906999998
1.5938158059136887,0.687269985676
1.3419900427091613,0.866255283356
1.3730135267907968,0.835203826427
1.6019382780541718,0.940249979496
1.5636881578085322,1.0233579873999998
1.3270297513672722,0.732262969017
1.2719215401785908,0.930074989796
1.3656947438663838,0.8702930212019999
1.6214763569036739,0.510402023792
1.2701874864298428,1.0258179903
1.4802832652355964,0.455123990774
1.2616410332756636,0.734534978867
1.215146637700495,0.7012919783589999
0.7278902442002907,1.01438605785
1.595363235993655,1.1237702369700002
1.542894023290425,0.48253700137100003
1.1619549732124976,0.46893200278299996
0.7911127190536714,0.875519692898
1.4641479438247718,1.1454249620399999
1.5601651859180572,1.9437874555599997
2.0557948602123624,1.5570390224500001
1.9762203072295637,2.10477590561
2.5361546512329687,1.06224000454
1.9978514944459578,0.786782979965
1.6314414465048805,2.24797105789
2.3828626899232326,0.5664669871329999
1.5920886366930171,0.8389729857439999
1.4410710057123104,0.31881898641600004
1.037969282850482,0.638668000698
1.27625084918055,0.754026651382
1.5827261021722299,1.08582603931
1.702030948937118,0.601429998875
1.2464998377190868,0.6923220157619999
1.1797377092341228,0.878243982792
1.1915342951353143,1.27922403812
1.668196776831385,0.725166976452
0.9716731839583895,0.428310990334
1.1072595159609573,0.701224982738
1.1526271790795426,0.8846225738529999
1.3633953114888295,0.7809653878210001
1.4471198579961486,0.92597001791
1.199278435979039,0.917864024639
1.561960670840411,0.90730202198
1.3805109896977492,0.409945011139
1.162729853326463,0.87414598465
1.4174444704277103,1.2313439845999998
1.6341628474956167,0.7683960199359999
1.8025488718235594,0.9357339143749999
1.464837561706405,0.752327024937
1.491081064986611,0.624783992767
1.4567794863823913,1.9779472351099998
2.0933877728162367,2.47647929192
1.2659586915378007,0.682259976864
1.5536855740082625,1.29407799244
2.002045760781801,2.1165060997
2.521898805987031,2.03023004532
2.484515818531582,1.72759306431
1.9961975130545304,1.32161903381
1.8203653949906677,1.11427497864
1.5768984021133725,1.6184829473500002
2.535676123573743,1.10235404968
1.9200275180792907,0.850126981735
1.391568071367707,0.653181314468
1.0852079488686297,0.616827607155
1.5956582115427793,1.02320480347
1.6087624341152416,1.17678105831
1.6486118831909626,1.10875403881
1.3896060867817182,0.983811020851
1.4323954411777422,1.82992756367
2.0460874637928503,1.34213101864
1.712073992579314,1.26566958427
1.7818675376500903,0.793037712574
1.4306791812861765,1.0306893587100001
1.5245731290048499,0.821023225784
1.4692341272518807,1.0991692543
1.7338914857170404,0.525535523891
1.3279406273897028,0.775839388371
1.7057079224248737,0.720975995064
1.3127302688049112,0.8666771054269999
1.7281170613139134,0.846204102039
1.5783044345782289,0.7614132165909999
1.6318227434445027,0.658724606037
1.168289162706153,1.07865929604
1.622681890727779,1.2819403409999999
1.6580215502501199,0.660000503063
1.5990959212009221,1.1125005483600001
1.767064849043245,0.628070473671
1.275764695582532,0.686457574368
1.2644518272155776,0.900040984154
1.2245443362723807,0.734256923199
1.2771266670676986,1.0111212730399999
1.4310536996135386,0.882759988308
1.5278139411600045,0.7521411776540001
1.199696909370274,0.9489411115649998
1.486562272588823,0.6799052953720001
1.457026799814063,0.721156597137
1.2682850265327619,0.6504104733470001
1.409531605688203,0.716710627079
1.1835930449569683,0.9056316018100002
1.4834149840996924,0.6526464819910001
1.521395866339632,0.7056654095649999
0.7098095669866775,0.658105790615
1.288554560011439,0.659279406071
1.4055362492558627,0.663406431675
1.5768799727612908,0.7808002829549999
1.278590741400031,0.756590723991
1.3357543549249082,0.9280405640600001
1.7075369826610776,0.707382977009
1.464517801856205,0.38883998990099994
1.1129763221598745,0.342241793871
1.2486709001269685,0.23373000323799997
0.8020911052719238,0.145912706852
0.7887122429871172,0.394953489304
0.8705971906344845,0.967840969563
1.2171310764395948,0.783922016621
1.5536331456790644,0.8333759903910001
1.426336209143881,0.9723259806630001
1.3948587698724622,0.6905210018160001
1.679234475906912,1.3453240394600001
1.5822741593829612,0.7227010130879999
1.5825220023937154,0.6804850101469999
1.7449458135757676,0.7610610127449999
1.091302450869406,0.8075709939
1.4596610320877688,0.588663995266
1.0661239311247275,0.9960750937459999
1.6726715082494834,1.0454139709499999
1.5704162482239805,0.47130599618
1.2004450986984658,1.04714095592
1.7106952863951306,1.12621426582
1.6200164132881874,2.5604617595700003
2.3262064131596856,0.7747610211370001
1.7288009597414524,0.717206001282
1.668420788783413,0.800508022308
1.4475429916833125,0.568039000034
1.3829122071750193,1.19578003883
1.61397370412171,0.797044992447
1.191974375353128,0.48993599414800004
1.2304409875278197,0.9918130040169999
1.44639528789505,0.744569003582
1.1602512113872863,0.6096370220180001
1.4214598449493807,0.856591999531
1.3794686721469656,0.814429998398
0.8620534912915356,0.760592997074
1.324391494292537,0.915751993656
1.5492617880979305,0.742163479328
1.4396675152270513,0.732936024666
1.1587647888176593,0.8745691180230001
1.609158135605916,0.9644910097120002
1.7203609519829175,1.4776719808599998
1.7917931206517197,0.6752679944040001
1.6742267760998752,0.5030400156970001
1.0552036926897674,0.706665992737
1.293441621703412,2.9681959152200004
2.6211592962992523,1.2553009986900001
1.8083507284231757,4.08481502533
3.5357048781103955,1.6923229694400002
2.6806524222935875,0.412105202675
1.5498085255430218,1.03575098515
1.7015044414129898,0.640892028809
1.7687082388530162,0.706547021866
1.469578141824073,1.06083035469
1.6020315898885626,1.88095402718
2.1239565602973727,1.88637399673
2.0078158426364485,1.32877397537
1.942218364470397,0.39318400621399996
1.3143676214131386,0.6382430195809999
1.3172637835012013,1.04553198814
1.692624353436641,0.658802986145
1.4695514510382994,0.80467402935
1.4218148747664954,0.8740410208700001
1.5070869572695973,0.853255033493
1.5529699008357551,0.8952109813689999
1.603445142376395,0.730158984661
1.5050841950942322,0.414941012859
1.195681005269521,0.270094007254
0.9606039219695272,0.49113199114799994
1.12401899927878,0.507916986942
1.0613580371269011,1.22402000427
1.1850829627485415,1.2676579952200002
1.68246501422786,2.6334879398299997
2.4199491130923088,3.99961543083
3.500990757400668,6.65141820908
5.8277585243881305,2.10267806053
3.079765249587886,1.28368997574
3.152020172319739,1.29134750366
2.320226617988246,1.3537540435799997
2.56021703010272,2.39019107819
2.145069183675881,1.46144104004
1.9582430038529146,1.599208951
2.245565499735744,1.4711509943
2.0548691559756134,1.29820501804
2.160851064006839,1.57962203026
2.080340215205635,1.3603550195700003
2.063964782638665,0.803641021252
1.8968459351400664,0.427668988705
1.0778442576379945,0.269407004118
0.7333979725773152,0.389717012644
0.952104495437901,0.417917013168
0.9271554952677118,1.54603600502
1.6435911557384888,1.01761102676
1.366252708388031,0.865315020084
1.5560801187890894,0.619410991669
1.3549090185184571,0.845414996147
1.046576743515001,0.804859638214
1.6909750323411423,1.4358890056600002
1.9185302920963747,2.56575202942
2.5564805319260566,6.206179142000001
4.725509567961257,0.9309499859810002
1.8794683271167898,0.907775998116
1.8133802468884241,0.460979789495
1.3234608120124094,0.5264570117
2.3911791998396565,0.794224977493
0.5926251548693545,0.9704009890559998
1.1575798026619672,0.669588983059
1.301813419676081,0.6997730135920001
1.2992693217622693,0.6903669834139999
1.2381089748994365,0.63616001606
1.4517103554017488,0.9726700186730001
1.7235249751710648,0.639338970184
1.6145471323525749,0.512377977371
1.2576456768433233,0.569913029671
1.0955544413252751,0.83180898428
1.3053478304747448,0.46941101551100006
1.2005367158797917,0.9054309725759999
1.6308914256694758,0.848275005817
1.4003457387494407,0.656663000584
1.5742369494748103,0.63240557909
1.1530640818228595,0.326855003834
1.0357701527512118,0.304740995169
0.7485842882717472,0.21594800055
0.8379459393260208,0.214847996831
1.0385593398645474,0.151231005788
1.080405090250823,0.415333837271
0.9508801085984478,0.734420001507
1.159687209664095,0.9913370013239999
1.4887285687849594,0.791000008583
1.1346470159758464,0.742917001247
1.4907260351694962,0.74265486002
1.3091270127254826,0.8799139857289999
1.3135509045516314,0.73768299818
1.399450114604595,1.24034297466
1.6812601158986542,0.8343409895899999
1.5966446055424184,0.305472999811
1.4579188228211455,0.892946004868
1.74252171828212,1.28586602211
1.5805078013101619,0.41464000940300005
1.3351155766352247,1.09013700485
1.5128299246752053,0.592383027077
1.2465021678670511,0.377326011658
1.1611234281366718,2.6935973167400005
2.353249474939116,2.2886660099
1.087267376005855,0.895527005196
1.7881339410211463,0.8070570230480001
1.4707735077297883,1.19486296177
2.146572976439424,0.8929409980769998
1.7257789696633141,0.977608025074
1.4054242962377572,1.8325070142700004
2.2835680947180785,1.4037929773299997
2.01795113895487,0.7223749756810001
1.487889185938708,0.6599410176280001
1.454758930349844,0.740734994411
1.5636440968288425,0.555365979671
0.8969119752592367,1.2367689609499999
1.589198617722315,0.6214020252229999
1.5062233197013533,0.710873007774
1.3579650075737115,0.30647799372699996
1.0606551797681978,0.6473349928859999
0.8875881529694027,0.545826971531
1.1474317964455585,1.02424776554
1.4451938847877908,0.8176820278170001
1.2964122426105178,0.7440620064740001
1.6401820433508176,0.736715018749
1.7915959054012818,0.576856017113
1.2682850265327619,0.9152600169179999
1.4974504185313648,1.13702905178
1.5811726348907196,0.49600800871799994
1.3443241095587313,0.49413600564
1.1229443774039451,0.8834533095360001
1.692356810084006,1.27152490616
1.5962719936997543,0.886436998844
1.3233900602469462,0.898828029633
1.587930911313888,0.9049779772759999
1.5879121642143565,0.829931974411
1.5578771924486914,0.8756300210950001
1.5015123960123224,0.550292015076
1.2767429340642957,1.07391941547
1.5031321665950004,0.849192023277
1.7125147082920273,0.6393229961399999
1.2363935623344033,0.7995309829709999
1.38478818811796,0.9646000266079999
1.7030483762710096,0.841355979443
1.5688660643327836,0.701144993305
1.2767590332684131,0.72400701046
1.3113774060799688,1.01030802727
1.5550114281999818,0.65380603075
1.4819923228516358,0.793285012245
1.6974683073912733,0.6538396477699999
1.612528588720542,1.1607899665799999
1.7456898721871135,0.808578968048
1.4832264539462126,0.374377012253
0.967958928103204,0.25569999218
1.1860359932659637,0.489315003157
1.3620911700395053,1.1518440246600001
0.8917055773803302,0.737277984619
1.2532921131193715,1.08875095844
1.0916236935410375,1.9758529663099995
2.128784838711154,0.8547700047490001
1.864799833849528,0.7977370023729999
1.4567298118644239,1.0524289608
1.4323318916878052,3.17945098877
3.166805384816852,1.79706799984
2.2075777329677275,1.05670201778
1.5713644066138408,0.875126004219
1.696150714633246,0.664539992809
1.6483273933076779,0.757168412209
1.5603064776173505,1.36848402023
1.703571176741558,0.9052469730380001
0.7222720456265924,1.0320609808
1.4274780875622326,0.614133000374
1.494432982833339,0.9733130335810001
1.4728690521604613,0.645228981972
1.1815242972278854,0.48943901062000006
1.5321613617665957,0.8408679962160001
1.5150690909531361,0.7771940231319999
1.4099876791943176,0.675535023212
1.3680858993410805,0.659205973148
1.5102036360877416,1.08415305614
1.53234512570833,0.9314100146289999
1.6173338834021296,1.3594796657600001
1.7509647975993354,0.763398826122
1.7045685859861195,0.535733997822
1.42150761298265,0.6781889796259999
1.203314887748205,0.7839810252189999
1.339770153109845,1.16936767101
1.559462540390987,1.01528799534
1.7227070932355755,0.925943017006
1.5916337282608848,1.31924402714
1.7829680029841664,0.9717460274700002
1.5662113903064814,1.1762996912
1.7820944093291655,1.71460902691
1.9888041653952582,1.30733704567
2.0280487292425953,0.6186890006069999
1.2734403729880857,2.2984359264400003
2.6018436406645296,1.80824100971
2.362499738694348,0.879414975643
1.74707556881519,1.57094502449
1.7661233633498281,1.5785160064700001
2.2548998606493256,0.620030999184
1.5678706674887368,0.9928810000419999
1.3460334849222204,0.455186992884
1.2050899309179623,1.0173989534399999
1.4961258353294444,0.8378469944
0.8248858836490648,0.488476991653
1.146807210875294,1.2463409900700002
1.7490729292839104,1.20963096619
1.9576011540045508,1.2524510622
1.638341544206425,1.51972699165
2.0555480763597735,1.06379795074
1.6683136019770526,1.57149505615
2.1768511309199146,1.27810502052
1.739953259730499,1.19207799435
1.850314574944918,0.830443918705
1.3468786931383827,1.40201568604
2.0292260894594953,1.156504035
1.8142919702373872,1.1625548601200002
1.7814303171593238,0.60075199604
1.535458521136161,1.25383579731
1.8120298202272627,1.79184401035
2.3422138941799204,1.73406255245
2.1065969579629114,4.93997097015
3.779075911257886,2.39435100555
3.065546474877745,2.2125759124799997
1.2904912307172696,1.88652706146
2.99649868307138,0.9343829751010001
2.932460497556749,0.909982979298
1.5799825647758323,0.8112999796870001
1.6249013566638293,1.04970896244
1.5722537817255093,1.35178804398
1.7177046892193668,1.27730596066
2.0033673783408577,0.7854449748989999
1.2575768315625582,0.48462298512500007
1.0258328130939443,0.6676359772680001
1.5044471114576137,0.832251012325
1.206388352913192,0.5959370136259999
1.1731905230333617,0.341089010239
0.9777187528519142,0.686011016369
1.3050126069153272,0.8153510093690001
1.4548991628909715,0.39854300022100003
1.309075431722817,0.699815988541
1.177311283792511,0.42636901140199995
1.1575830860522807,0.686613976955
1.3006297045101878,0.182677000761
1.4193790228172096,0.701882481575
1.2953719374602488,1.7966820001599997
1.890728237575463,0.720426976681
1.5378271165419302,0.46806401014300003
1.097963178825521,0.6408870220180001
1.2335072504172808,0.7520520091060001
1.5011237908813575,1.00181758404
1.526308135995947,1.6608040332799998
1.9411564524935494,1.45059502125
2.0288003078769172,1.0850100517299999
2.03860133387827,1.09955501556
1.7649995965361085,0.769418001175
1.5473994702953262,1.25443041325
1.7874961159738119,1.49632096291
1.9385915950796915,0.718636989594
1.5187888544307826,0.890201985836
1.6946475573646025,0.989175975323
1.5021996837459912,2.84901452065
2.618729587467327,4.28107500076
3.8824001796199457,1.24873900414
2.3814355802108804,0.70965898037
1.892154499961283,0.7497439980509999
1.7046751372975806,0.8907449841499999
2.4992050712988902,1.46952795982
1.8145381185950766,1.60888803005
1.8500502090667799,1.04346096516
1.5193200222508396,1.18475103378
1.6748208579149697,0.506372511387
1.4626502941785893,0.694615602493
1.2335145586086236,0.929911017418
1.6415539709227411,0.775462985039
1.3050762623210805,0.856469631195
1.5127006014631836,0.926900982857
1.460672528135933,0.7506660223010001
1.314134818448336,0.9248849749570002
1.4882651870875019,1.07016265392
1.4079659580877881,0.8752880096439999
1.4225640173370362,0.7511039972310001
1.6044161785826325,0.8627579808239999
1.3751277124051846,0.509657025337
1.3548511884826144,0.8495249748229999
1.3049665335351228,0.671136975288
1.32501057224034,0.613218009472
1.1780493052023129,0.381054997444
1.2964935859576372,0.871042013168
1.413562761666541,0.654031991959
1.1863014183022673,0.9089673757549999
1.3920208614835081,0.9709029793739999
0.9246242131677039,0.9856920242310001
1.7720839877584704,1.35625624657
1.6996665901640113,1.30987298489
1.9321332722490259,0.634491980076
1.6407136348341407,0.593350827694
1.3662240052017427,0.879638016224
1.6407893646429823,1.13183641434
1.55350668219409,1.84127402306
1.9846410383094844,2.26174592972
2.706486560942783,2.5979759693099997
2.8662950987822935,2.3991920948
2.686517828383141,1.98229801655
2.6426879570052146,2.2695479393
3.033925307843252,2.0178899765000002
2.4602579190644582,1.45226204395
2.0503592605064163,1.34279799461
2.157952995434078,1.3119150400200001
1.2524445747552448,1.2767620086700002
2.221731899029766,1.2752670049700001
1.953731837393919,1.2104460001000001
1.3679885627056605,0.815348029137
1.6157874065645121,0.72711199522
1.2095378656344706,0.604301989079
1.1214993679185938,0.9830358624459999
1.5520942947802396,1.10152900219
1.6063814465589346,1.1837249994299999
1.8702987712137777,0.435640007257
1.1325217092007194,0.327004015446
1.4313874403515245,0.803984999657
1.0982779606323423,0.421685993671
1.1516811390060135,0.573455989361
0.7983651986769167,0.39594578743000003
1.0675412965819562,0.416375011206
1.4553058796265685,0.560397028923
1.2241427034959789,0.774905025959
1.0852019116670857,0.637084007263
1.4747434443661536,0.383926004171
1.0563251293555227,0.564873993397
1.3232160405603353,1.05471503735
1.6552597953332737,0.6537709832190001
1.4660393884769303,0.593102991581
1.1205334156715512,1.02260899544
1.3382602172289415,0.8359869718549999
1.6644616555603369,0.637534022331
1.1598077418633423,0.9755985140799999
1.8506647326344707,0.48980799317400003
1.7043506112356355,1.0986479520799999
1.6702622411701544,1.1511659622200001
1.739359283831221,0.8061249852179999
1.4156344750384877,0.47447699308399993
1.07071220429818,0.789602994919
1.6345792025705206,0.476253002882
1.29692106219328,0.545522987843
1.626221279569821,0.6212809681889999
1.2618522294138874,0.7707700133319999
1.4048857143105409,0.933706998825
1.3242505203406933,0.8110550045970001
1.4309150558096595,0.600552976131
1.2768464138170765,1.00252103806
1.412106101441368,0.8921650052069998
1.7196481385374571,0.9160850048070001
1.4463970884639314,0.741342008114
1.3109492943494265,0.9283249974250001
1.4870236418857659,0.642940998077
1.309849676341883,0.9950090050700001
1.3752626491554842,0.627136588097
1.4282873903165805,1.0386890173
1.5041014022323564,0.6888009905820001
1.3964537561540646,0.5214130282399999
1.380714030318098,0.651027023792
1.3493570173301097,1.1597019434
1.639155930919968,0.645640015602
1.2798541052599788,1.19586265087
1.7485572251730714,1.30470395088
2.2944592063034843,0.8844429850579999
1.82801781273725,0.7697709798810001
1.4160152423990269,0.770210027695
1.5267850749179241,0.641828000546
1.4605934090209614,0.893715977669
1.6296999786489732,0.5247250199319999
1.1795919690705339,0.514221012592
1.0464277199610987,0.717274844646
1.4446599631565031,0.641076982021
1.054099943965378,0.4689820110800001
1.19776744093997,1.2037500143100002
1.373052397895475,0.7911959886550001
1.3956839599992943,1.13630115986
1.1760059772692046,0.8642929792399999
1.2773545979049394,0.8814030289650001
1.525919530864982,0.58174097538
1.1723341936564604,0.865119993687
1.1635940204737898,0.907812476158
1.3168889474263896,0.7377740144730001
1.3187179017467767,1.1203750371899999
1.7026767176706945,0.9422479867940001
1.9340209039317882,1.06006002426
1.5445649512125021,0.715842008591
1.2635327956752718,0.404020994902
1.006749536760758,0.29207798838599996
1.043876102024311,0.631792426109
1.406907541332887,1.12466526031
1.5885742439836836,1.11569094658
1.6649086203062273,1.24741899967
2.0664495676952024,0.697616994381
1.5977147789529578,3.69397497177
3.2322103080283946,0.820483982563
2.194025380575393,0.85730701685
1.6339956064212657,0.690235972404
1.4972668664212636,0.8385969996449999
1.8702748342392348,1.28772699833
1.8409225958271265,0.9632229804989998
1.5382257836754685,1.34329998493
1.8558423214112725,0.7316169738770001
1.5169750460721638,0.6809219717980001
1.5506519331903026,0.701478421688
1.3567809746603685,0.669803023338
1.1844000175633518,1.36564302444
1.797966106272568,0.9781420230869999
1.7726556154204538,0.67867898941
1.3852227607133125,0.597633004189
1.3303376082343104,0.819377481937
1.154784472431271,0.791110992432
1.1513880699415873,1.0441473722499999
1.172106474650853,1.4000159502
1.8566252511272965,0.874862015247
2.010607571729382,0.622817993164
1.2318974359213595,0.7164059877399999
1.5234880214641753,0.6523500084880001
1.4946793430226615,0.9379299879069999
1.5535688547784117,0.593699991703
1.570728805798654,0.539344012737
1.4010213757432877,0.9370089769359999
1.5187953152955929,0.808772027493
1.2353887389826825,0.56542801857
1.2077622928856304,0.602082014084
1.1926936496633986,1.14667999744
1.373943573576025,0.9824249744419999
1.3688220142661844,0.567151010036
1.6670017286731194,0.786639988422
1.4174596163894786,0.7388439774510001
1.1104985275472303,0.681029975414
1.189276699505302,0.708697974682
1.2591644037370013,0.6642330288889999
1.223102610177343,0.512479007244
1.1406849589305788,0.604038000107
1.3567897656731431,0.672879993916
1.194394975424829,0.8265414834020001
1.3893097343269787,0.454686015844
1.3601679506423783,0.559450984001
0.9663126785663857,0.133221805096
1.0602031310631124,0.163306996226
0.9799065499588125,0.17978604137899998
1.3053193391200897,0.57479184866
1.4891553036098863,0.8508148789409999
1.3441046519868156,0.852764010429
1.0823375243239912,1.6876280307799998
2.0805535296601905,2.1495220661200003
2.30200062427431,0.812285006046
1.7259798919673317,1.2396399974799999
1.7321953498306215,2.12843728065
2.60934671710976,2.1392390728
2.665860854847481,0.9779880046840002
2.032046203991267,0.6937779784199999
1.6425293496774578,0.721879005432
1.411326349199841,0.7631160020829999
1.7555452330023622,0.856532990932
1.0949556992142517,1.1093380451200001
1.567913139731178,0.647634029388
1.4719923869467801,0.9241870045659999
1.6278628688107106,0.7877320051189999
1.2211638211551812,1.3055670261399999
1.8172076208356975,0.910771012306
0.8377171611622475,0.869964003563
1.6556431046734106,0.574302017689
1.571142512978144,0.859953224659
1.240296030595619,0.47758498787899994
1.253997406541856,1.1080174446100002
1.5777108823422172,1.29072499275
1.9383340078138134,0.859157979488
1.8260892975492946,0.305898010731
1.1573748555569203,0.903901994228
1.390282253354648,0.635275006294
1.1932040579834093,1.0234229564700001
1.3845481828776312,0.673066973686
1.232285193725792,0.850479006767
1.3337931117496356,0.51419699192
1.061570504254924,1.52795660496
0.8302726032056676,4.09438562393
3.9182069278933236,0.9952359795569999
1.9374758778680305,0.8670449852940001
2.1599995008416832,1.14105606079
2.428526811412374,1.6222579479199999
2.526315495537654,1.9802049398400003
2.207043069925724,1.3755470514300001
1.9294307242736377,1.8518650531799998
2.3212343010670136,1.42092394829
2.6455629359299655,1.5891779661200003
2.118021885263788,1.67319941521
2.301892166478151,2.12393403053
2.6762725914471286,1.64840197563
2.1188808625361033,1.2047419548
2.116534403535996,0.792083978653
1.998354594574626,1.22702741623
1.5510396909947348,1.2269510030700002
1.9196549062366266,1.13134396076
1.6763551544336823,1.25246500969
1.6363374051254447,1.1168919801700001
1.2848100122327168,1.1223870515799999
1.5685176012962956,1.0401530265799999
1.8049874775840757,0.809131026268
1.5443066225359081,0.7681059837340001
1.6053898626842842,0.7982919812199999
1.3561886934141554,0.766672253609
1.6581006693650915,1.05736005306
1.7630093324270977,0.8607699871060001
1.5036260520476274,1.0707770586
1.7914128828702631,0.53015100956
1.3432011900715444,0.660418987274
1.4557545390255238,0.990917980671
1.371721353828744,0.356153011322
0.9716829282135131,0.961823999882
1.4991981354204493,1.24482905865
1.815582448546375,0.8381230235100001
1.8174088608871646,0.9245989918709999
1.5470032392255688,0.8131660223010001
1.6354749326311828,1.00306105614
1.4644822141418403,0.875234007835
1.333757735866904,0.7991399765009999
1.3088174207936727,0.881296157837
0.9043581749109734,1.06308019161
1.3496910758155454,0.9057049751280001
1.5634084341369927,0.690955996513
1.5965054321594563,1.3559700250600002
1.8413462590933731,0.757239997387
1.3892791246559923,2.04375457764
2.1565375364615478,0.8576130270960001
1.7996628776538863,2.36495709419
2.47671554230508,4.17923116684
3.785308421567642,2.23356199265
2.790252626450194,0.8013390302660001
1.8501110047454863,0.83728402853
1.8126407426571904,0.8851529955859999
1.4577451208819843,0.9040349721909999
1.513542632204849,1.30293953419
1.6767939636616975,0.722869992256
1.7084044331987178,0.800912022591
1.6658568846119042,1.03291928768
1.8868714190311857,1.3216282129299999
1.949417462522095,0.93677598238
1.228820687366059,0.700770020485
1.7127912544890698,0.762431979179
1.557676058313041,1.14493894577
1.7375216444138757,0.772161006927
1.713273806949325,0.8772150278090001
1.2923084283820183,1.2435050010700002
1.705388374406307,0.638184010983
1.4200065740303376,0.746819972992
1.4408002848851786,0.683992981911
1.292743742388087,1.4195051193200001
1.7990036576116064,0.614147007465
1.3550276442330063,0.7347676754000001
1.3192422909545738,0.6770560145379999
1.2546505893825919,1.07402694225
1.5774610269309481,0.615638971329
1.3652869679726214,0.9692379832269999
1.0406023500502057,0.9916120171549999
1.518860029859512,0.808956027031
1.5191276791279635,2.4351439476
2.3346875162550464,0.822347998619
1.7399025260543661,0.593822002411
1.481903353565724,0.576224982738
1.0766222009465058,0.42242398858099994
0.9909642671236697,0.676587998867
1.0479818227375086,0.552034974098
1.1022482150161574,0.9015229940410001
1.6019371129801896,0.748996019363
1.1214554128547207,0.8627583980560001
1.4145359161891098,0.9480749964709999
1.5575113592182874,1.05561387539
1.7446326205061946,1.9700200557700003
2.1926993145520406,0.9391199946400001
1.8298355399810817,1.00904297829
1.7345824805042889,0.7824029922490001
1.3154514579640142,1.01626503468
1.4322813698433052,0.878274977207
1.5867492085485093,0.735361993313
1.3859570750695347,1.1099909544
1.6294109343855763,0.772719979286
1.4983973059314264,1.16498196125
1.5132022187704197,0.715721011162
1.391292796160463,1.47547900677
1.9237610506130904,0.835452020168
1.5683854183572266,0.734466016293
1.410425005600901,0.786192774773
1.23133523476705,1.14346504211
1.5582106154392277,0.924699008465
1.5952384671617454,2.95876455307
1.2256985009254535,2.13832402229
2.4792628176933884,2.03871202469
2.5767191379862977,1.4802099466299998
2.2070987816452354,0.9367650747299999
2.3395789204954984,1.71593976021
1.9158978603915504,1.00140202045
1.7877551860611216,0.889622986317
0.8755491787220098,0.749293982983
1.3169881905465077,1.1151839494700002
1.8630378183252077,0.9457820057870001
1.4144764974160187,0.645218014717
1.2213846556327124,1.16484200954
1.5377565766081,1.2443510294
1.7243926375403382,0.9045109748839999
1.6103656818305359,0.5575259923929999
1.2361515446935598,0.577834367752
1.435056258321405,0.719983577728
1.0259423300482688,0.76077902317
1.513730103200163,0.540440022945
1.2642988847764625,0.8009672760959999
1.2122104394337718,0.771014988422
1.6125683071517527,0.670971989632
1.2198992922212513,2.7689704895
2.5861939432726406,3.08613300323
3.097612276510164,1.11635804176
2.0553561569001637,1.01826095581
1.7426567609482362,0.744261026382
1.5800912344036246,1.1143867969499999
1.3171135948733168,1.3805164098700002
2.174760988195886,1.22909843922
1.6792870101519266,1.57323896885
1.8666980571139467,1.24559795856
2.1422189890522056,0.829861998558
1.501882677707022,0.537698030472
1.2636232477826155,0.8593800067899999
1.741546233611587,0.794964790344
1.2450258072999978,0.812288999557
1.309556077698374,1.20946097374
1.6624857960023787,1.04361104965
2.0106185869743043,0.9914460182189999
1.4371667368822132,1.37764596939
1.6852524007723142,0.7495359778399999
1.742607721925168,0.754966974258
1.323230339195571,0.852221012115
1.5709001775898508,1.31262803078
1.9075250032607156,0.949999988079
1.5211125415303297,0.8433979749680001
1.3550798607305712,0.632993996143
1.7533276735510102,0.6848490238189999
1.4063125062754436,0.829603970051
1.6493922709273892,1.11777603626
1.5758376552105071,1.0605150461200001
1.5083117677723168,0.9966710209849998
1.496492515886381,0.6726049780850001
1.6632085655345956,0.84998100996
1.2092232956592823,0.792970001698
1.298648866908851,0.7509549856190001
1.2761653751165847,0.9556260704989998
0.8802835627644091,0.6085839867589999
1.4592033698444056,0.778249979019
1.052364936974281,0.509814023972
1.1489528534872009,0.636431992054
1.2715156707695265,0.6015599966049999
1.099879937357838,0.65563338995
0.9074562125454028,0.638554990292
1.0270193879868847,0.8762890100480001
1.3039898837906074,0.7967479825020001
1.3779129806333075,0.682483017445
1.2922925410095343,0.802550017834
1.3295896307377517,0.795031189919
1.183007860070465,1.58489704132
1.8056526289120831,1.0174859762200001
1.6505335138508415,0.917778015137
1.187921506632395,1.2302210331
1.871433976935686,1.0278990268700001
1.7202111870182992,0.9125559926029998
1.4440291285530618,0.793597996235
1.5298350267716345,1.0304379463200002
1.6890618749465884,0.532537996769
1.2727400576089796,0.612778007984
1.144221382129757,0.874128997326
1.4598662969402654,0.366723001003
1.319352443403798,0.7391750216480001
1.2085263695863064,0.560423016548
1.385214181532171,0.775817811489
1.3239000449036906,0.8102909922600001
1.2570666350741806,0.6437510252
1.2041650740077456,0.723645746708
1.5390538335293478,0.9113870263100001
1.6069058357667316,0.662783026695
1.3281327586809455,1.0020359754600001
1.565261325431923,0.8224419951440001
1.5018565165003313,1.0305769443500001
1.63123353375697,0.678113996983
1.3422259172326443,0.533345997334
1.192435215070988,0.320995986462
1.0947931184358297,0.7608630061149999
1.4961772045004769,0.7439860105509999
1.3809258619512212,0.546840012074
1.2191398758165037,0.7004669904709999
1.441980928492392,0.8356525897980001
1.5962182943807575,1.27425897121
1.7079145725471199,0.893445014954
1.5038481575149574,0.621165990829
1.2049040486598965,0.790015995502
1.5764518610307485,1.06749498844
1.7746943889734499,0.66980099678
1.6702416935017415,1.26569497585
1.8540771284124553,0.638062000275
1.6049516889511684,0.9348030090330001
1.3193642000594363,0.8006410002709999
1.1085689532011094,1.08570897579
1.435548237289334,0.352703988552
1.362881937525955,0.588370978832
1.3323361337770128,0.48754200339299997
1.4544821723211683,0.46368801593799996
0.9611846583917348,0.363703995943
1.3660861028085793,0.875024318695
1.2896155187459375,0.6435279846190001
1.2184918828507794,0.4834130108359999
0.8463529543076967,0.212089002132
0.8724705766399194,0.45604699850100006
0.8827936617011046,0.43679100275
1.259850314565055,0.723880410194
1.2126226637918298,0.556069016457
1.1913376094639592,0.474842995405
1.4583390967812622,0.267464011908
1.1924140319076757,0.958843708038
1.460289748374879,0.78689801693
1.487519221991458,1.7943609952900001
1.9866737746609364,1.33767795563
1.6730711286253706,1.2104539871200002
0.8524506337829699,0.56547999382
1.4120730557066008,0.40084299445200006
1.3010875785851839,0.272765487432
0.8189773698221708,0.583644986153
1.4995165183650339,0.853380262852
1.479572887853917,0.866061031818
1.5924757590025502,1.15834999084
1.469916966521254,0.7764859795569999
1.6634808750989756,1.06880700588
1.9155775709622678,0.5888479948040001
1.4974710721155944,1.5888684988
1.8900505881811014,0.432785987854
1.3874189251697193,0.399603009224
0.9277448108710611,0.554534971714
1.1023511651898554,0.6221979856490001
1.1895776063401535,1.14955198765
1.3484854360756235,1.12126004696
1.6688746380573798,0.9776459932329999
2.1498108229517148,1.73274195194
2.0549225375471605,2.30270791054
2.2828872678492202,1.05347704887
1.895303377187662,0.796280026436
1.56043802506152,0.520332992077
1.2195783672970693,0.610480010509
1.4074852061964145,0.445305794477
1.1385992646708458,0.652213871479
1.440857479426122,1.17554116249
1.407437014499879,1.0322021246
1.6632447887438597,0.7193930149079999
1.5125068814346923,0.820013999939
1.372377184564894,0.9497330188750001
1.4998956969883248,1.0391149520899998
1.7722288805955269,0.58838301897
1.4675687069522647,0.950855970383
1.6369449382492427,0.527760028839
1.3749296498282142,0.773606300354
1.1158984336229951,0.970355987549
2.065592920570851,1.38388991356
1.7778520572126035,0.779523015022
1.7813623192050911,0.606999993324
1.4301607233641072,0.466057002544
0.9358366733405578,0.945527017117
1.5096903680406837,0.623872995377
1.6922055622979562,0.39232400059699996
0.999858230071988,0.5156549811360001
0.9812159871989647,0.967938542366
1.4972535210283768,1.3565659523
1.9682353138189776,0.9072690010069999
1.2873774116261723,0.816276013851
1.7107446431656483,2.47986698151
2.4218477600199937,1.1330800056499999
1.8179043350770403,1.04558396339
1.9151119650326627,0.847437024117
1.2747544705241665,1.5365229845
2.0341227894907754,0.900898993015
2.008594112056544,0.48120099306100006
1.1811205461351522,0.85725402832
1.361335884351604,0.861747980118
1.5416530076677717,1.0086940527
0.868761034038571,1.12772703171
1.5570912970898036,0.77955698967
1.3921120550015678,0.989550292492
1.4779347938349738,0.8363329768179999
1.3626967966786052,0.9099559783939998
1.544823068057463,0.551105976105
1.0688864274522896,1.23976433277
1.7102358235828858,1.21183896065
1.6319962335520306,1.37998199463
1.5905993543963433,1.14846098423
1.7287564750984965,0.766390025616
1.7667357686011878,0.9660840034479998
1.138729223377767,0.815675020218
1.622263099589094,1.1422729492200001
1.7053211178627903,1.2994799614
1.6555970312932062,0.858331024647
1.5670891146783281,0.714946985245
1.3204892378629545,0.8764400482179999
1.4794104129913115,0.830546021461
1.7633786608794484,0.853524029255
1.7892312288807255,0.909241020679
1.3709715757633039,0.520272016525
1.1930302501284316,0.741104006767
1.4746115791745342,0.585331976414
1.3864085941955373,0.504777014256
1.3158491718552034,0.5519493222240001
1.3098135590484354,0.969752013683
1.295507933368714,1.11651599407
1.5037857730990025,1.0498449802399998
1.8110556065465282,0.634262979031
1.222729256923963,0.5644329786300001
1.310941456579001,0.9184709787369999
1.3985394504137976,0.9593539834020001
1.5992886879870645,0.598415970802
1.3548951435464875,0.9383450150489999
1.5710600045570424,0.45422500371900004
1.4360348145506185,0.7079470157619999
1.3763522051604544,0.38765001296999996
1.228098871076191,0.448433995247
1.1952633792048184,0.840570986271
1.4506718508203613,0.533711016178
1.2659809338592787,0.721135020256
1.6222073878695826,0.521538615227
1.1391601948353565,0.705075979233
1.3328545916990824,0.640564978123
1.4398681197836192,0.516858994961
1.5208397023868667,1.66040945053
1.8102034078864728,2.46530795097
2.6307298494837665,1.62215602398
2.1682084002884805,1.8662700653100002
2.255882547595385,3.62353610992
3.745264193305264,0.794870972633
2.0484656975379263,0.906598985195
2.0349283851915434,0.8571879863740001
1.6522390762449344,0.775637984276
1.6037369404510224,0.700670003891
1.395072190242834,0.6443409919740001
1.205588053003252,0.7579550147059999
1.1976924525418442,0.549960017204
0.9209834628892124,0.49646699428599994
1.1039771848057105,1.36767756939
1.8259683416867811,1.3978940248500002
1.905875682165217,0.814813017845
1.5454942565870144,1.27889895439
1.8120764231865498,0.862398028374
1.654891420123272,1.09386599064
1.7928993054398898,0.813471019268
1.4067876446285392,1.46668708324
1.7623121945224887,0.9060310125350001
1.6579802430816608,0.7652140259739999
1.2990904299480968,1.3110339641600002
1.8148785320295058,0.789250016212
1.8884745608306635,1.47490203381
1.727392491212815,0.9167850017550002
1.6506277789275812,1.18614006042
1.3966004495600026,1.4113919735
2.057626356512347,2.09247207642
1.9081910019152555,0.718922019005
1.7461939255581305,1.3018610477399999
1.9331320583992027,1.26897478104
2.2199287881686196,1.2219970226299999
1.8841091345352567,0.906111001968
1.6245539527855068,1.0788739919700001
1.9337035801453695,1.0280250310899999
1.7169055543834089,0.7863690257070001
1.384927149669289,1.27685296535
1.76720762356397,0.709342002869
0.9176033714352791,0.520192980766
1.5137249133251516,0.564561009407
1.1489183249310018,0.9855200052259999
1.5499629508035688,1.09284198284
1.5537865117814458,0.47868999838799997
1.3145456659007786,0.39550599455799995
0.9789787274057321,1.85070300102
1.9895847649633178,1.1957960128799998
1.1457281405361637,1.70251083374
1.9501368427481822,2.9983510971099996
1.0954400522433885,2.40708088875
2.8881643847543184,2.5859439372999997
2.7856340613532047,2.23383903503
2.8175030713984524,1.65577304363
2.3340344393301273,1.4306110143700002
2.2313479960154017,0.8921740055080001
1.931199518410218,1.23169696331
1.754697588722419,0.895507991314
1.5870523396155087,1.60203301907
1.8842919452346423,1.58539903164
2.080219683006388,1.2320599556
1.9261189485213868,1.21037101746
2.01777002290855,1.24214100838
1.987028592646418,0.9857040047650001
1.9076544323885538,0.728968977928
1.6876494875327384,0.6761519908910001
1.2630845599395828,1.07157301903
1.9444233199395782,0.9457439780239999
1.5504948600343416,0.43763700127599997
0.9108515558769209,0.514182031155
1.1609576698837527,0.338719010353
1.1646190737464739,0.714428007603
1.2544348388642557,0.499619990587
1.0321725102100607,0.79173797369
1.2478583139823072,0.864624321461
1.566858853693123,0.602496027946
1.3457010151740334,1.2600699663200001
1.9059805388236128,1.01233994961
1.653103561139711,1.00452899933
2.0498697176022684,0.631023526192
1.3614263364589476,1.1412210464499999
2.2436797745376795,0.542609989643
1.2693017124559376,0.854745984077
1.5739801036196484,0.7744219899179999
1.3004634166781859,0.308434009552
0.9722915204954766,0.837620973587
1.1799875646453917,0.7293469905850001
0.7881384970088026,0.7503905892370001
1.691544435770978,1.13482201099
1.5028486299540647,1.61424005032
1.8952197036925782,1.2447930574400001
1.7631792213968627,0.714163005352
1.3439096609685255,0.729304015636
1.4385989305537605,0.648698985577
1.2977325891797757,0.342799007893
1.0465391434001217,0.386186003685
1.1595774808781372,0.636629998684
1.053127848600975,0.39904800057400003
1.094008176319291,0.417885988951
1.1697394679823323,1.10379052162
1.6273510835850846,0.695618987083
1.441476557373925,0.8070139884950001
1.1797022274355746,0.594769001007
1.2253729157053428,1.1076079607
1.3859475426460441,0.971358001232
1.6404059493870289,0.717034995556
1.3083970409177395,0.67648100853
1.5961423527402827,1.6877729892700002
1.9495055844814744,0.990756988525
1.6473767988540367,0.808203995228
1.5339977301941423,1.08771896362
1.529841911299711,1.5648180246399999
1.9565403011858689,0.667380988598
1.2600399038767003,1.2564899921400001
1.7668618084228962,1.09188604355
1.6294285164111255,0.737550973892
1.4722141746666604,0.6224380135540001
1.2494066973046225,0.8364729881290001
1.4233815815250759,0.577426016331
1.2781587107842758,1.0157610178
1.4728827153007977,1.10615897179
1.6303063466987888,0.6945540308949999
1.5473909970300013,1.13090395927
1.4182910555494879,0.951821982861
1.19545339217973,0.752457022667
1.6420937179239394,0.558522999287
1.161026938827784,1.4158363342299998
1.846452036946546,1.8552980423
2.1365425367793986,0.7845479846
1.5577288043896886,0.8210539817810001
1.5671530878315314,0.583589017391
1.2356447375113122,0.835972011089
1.4189405313366443,2.18466305733
2.1165757107044545,0.680548012257
1.5695136336352418,1.238904953
1.6492257712637541,1.03032803535
1.6559142491638084,0.791410982609
1.4922153174661703,0.842372000217
1.457973051719225,0.446471005678
1.4793267394962277,0.558933794498
1.0882928529418054,0.709932982922
1.4640474297148547,0.7334340214730001
1.4554371093232885,0.7833399772640001
1.5529230860448349,0.842680990696
1.4408694479133934,1.09976100922
1.5628413608551215,0.8706315755840001
1.7336452314435344,0.586246013641
1.5624617585685643,0.8863990306849999
1.4836997917304269,1.0193990469
1.8264373369225164,0.849361002445
1.4960728774211636,1.0106669664399999
1.1464615016500368,1.33151602745
1.9499161141864676,1.2150089740799999
1.6400737973862916,1.64559102058
1.951117199546277,0.970878005028
2.0896243720221666,1.4112720489500001
1.7593224028525853,0.7953929901119999
1.4695843908572501,1.04633104801
1.2348140397620189,0.887933969498
1.7280583839515382,0.8349300026890001
1.3694460702573659,0.9847199916839999
1.471811694563726,1.09039402008
1.5756410754549688,0.490164995193
1.417434408425137,0.6141669750209999
1.3343712002764292,0.631474018097
1.0928220250896166,0.825244009495
0.9084271428358238,1.05145096779
1.446950604521283,1.0471149683
1.3742334651659542,0.39214301109300004
1.0477109959945603,0.46951499581300005
0.9154637660249164,0.772090017796
1.57314432191116,0.7520099878309999
1.220896807381629,0.687739372253
1.885709734355137,0.6718119978899999
0.6498365893854096,1.18593323231
0.7035186970619959,0.657198011875
1.2718163657727453,0.8213180303569999
1.209979216842083,0.7795739769939999
1.3776458609439388,1.03012299538
1.5794734274456204,0.621188998222
1.2987814735111862,0.8660820126530001
1.3601737760122892,0.9608931541440001
1.53410068036784,0.6760399937630001
1.4104959691979972,0.740238010883
1.1603361558721688,0.598470985889
1.753433801199205,0.615105986595
1.2233201612645608,0.935873568058
1.54167122518822,0.58182477951
1.1827419054550785,0.715665996075
1.4998715481821487,0.6529520154
1.3980385745172772,0.9700022935870001
0.8538233557235176,0.7834500074390001
1.4143135988901467,0.744813024998
1.5043504103170928,0.8276180028919999
1.7215962481514764,0.8943400979039999
1.4984378716891695,2.50501704216
2.5504111319738056,1.62071204185
2.0231899470736443,1.41758596897
1.9141858371326472,1.04987204075
1.6834365800131805,1.22650754452
2.188059778123372,1.0431790351899999
1.7824104621257857,0.9694439768790001
1.596055819518152,0.819225013256
1.4232265207696297,0.8129550218580001
1.7491340427100666,0.671208024025
1.4571255133550984,0.528989970684
1.2444739858957115,0.346193015575
1.280278404021125,0.478949010372
0.6907183999251575,1.15381097794
1.6804593923254478,0.9671270251270002
1.6681340746679805,0.784583985806
1.415447851369706,0.470185995102
1.0501557448724372,0.563278257847
1.126065504686385,0.241623997688
1.1984281438036817,0.270985990763
0.8430242320247959,0.199468001723
0.8486754233753533,0.132716998458
0.8097705315517293,0.4732620120049999
1.1885218374806665,0.6585559844969999
1.0992212468946407,0.9621880054470001
1.4805924335041398,0.511197984219
1.0981400582391792,0.9829789996150001
1.698092363382455,0.910009980202
1.4590661029461418,1.0265760421799999
1.8218524530551938,0.830938994884
1.6796168320046996,0.9651920199390001
1.3485476086599453,1.00054395199
1.6539938894937285,1.98318505287
2.21485647971348,1.27485501766
1.9481814249428202,1.28652596474
2.1210646348419724,1.3822449445700002
1.9250294984322331,1.73692405224
2.2433846930727386,1.25766801834
1.994352459530026,0.7533379793170001
1.7828726787492608,1.0849089622499999
1.7171499021722165,1.06249403954
1.821229244390545,0.778762996197
1.342056557841962,0.825646996498
1.7024286628283072,0.989183008671
1.3487705614538077,1.41809201241
1.580129787760853,1.15167796612
1.8428176416170483,1.25036406517
2.0614172954187233,0.879401981831
1.6203081054469983,1.0894230604200001
1.7405776334691303,1.8090629577599997
2.201993851118595,0.868739008904
1.916441632193778,0.8521729707719999
1.3544423534306862,1.3078379631000001
1.6007446068015214,1.2625759840000002
1.6675876549703388,0.760155975819
1.6502498712940892,1.06988704205
1.632182221725913,0.8579840064049999
1.5403132785040827,1.14932394028
1.875467039398722,1.06714296341
1.4865410894255107,0.740061998367
1.6286777851033363,0.679988026619
1.4559381970514418,0.7323921322820001
1.1870249292452002,0.835274994373
1.7363617603067087,0.600082993507
1.3523968012654304,1.0105639696100002
1.4550495633504892,0.761397004128
1.6625454266071027,0.726006984711
1.3987941779526283,1.06432402134
1.3851494669682518,0.5901079773899999
1.2929874546819955,0.774465978146
1.327620867539503,0.7406870126719999
0.9731607716019984,0.8908360004429999
1.4062185589461533,0.7620100975040001
1.6705215230890975,0.777450025082
1.4444283252656829,0.581107020378
0.8940620983830113,0.7908779978749999
1.6012467536878403,0.890371978283
1.3562145368733964,0.788205981255
1.236132479846579,0.730194985867
1.149075609918596,0.9248933196069999
1.1671944168261714,1.26558697224
1.9664360159272276,0.7884140014650001
1.2908453072920352,0.91806101799
1.350961747866836,0.656926989555
1.287491271128976,0.825268030167
1.3170559766691072,0.42572298645999995
1.2471523850649235,0.9114630222319999
1.2332215954600139,0.7238519787790001
1.6014223621116996,0.9657319784160001
1.4478182668905564,0.719420015812
1.5343449222408314,0.714648008347
1.3263938328046356,0.618879973888
1.2561677275390215,0.850296974182
1.3351952253292791,0.611301481724
1.5742582385539392,0.840580999851
1.449166257487937,0.590990006924
1.4599108874990379,1.1918078661
1.6345038964249452,1.07247805595
1.5718896431481701,0.7976800203319999
1.3945075530247435,0.714037001133
1.641975198125207,0.8885610103610001
1.2646838887696643,0.736729025841
1.3694789041605,0.9655410051350001
1.40121753183556,0.856945991516
1.4275847447895103,0.583833992481
1.3364333812248854,3.0475621223400005
2.831929652940687,0.8865389823909999
1.8934036711018114,1.1864609718299999
1.9842084781146463,0.87507301569
1.5925151596863112,1.11197304726
1.6632045407335663,0.692927002907
1.4523976431354175,0.563274979591
1.0555339382058069,0.551968991756
0.9504238232607001,0.921135008335
0.9038367513460401,0.546503007412
1.4394293105556042,0.9997850060460001
1.5778208229598083,0.75122398138
1.3536649313371234,0.840256989002
1.0050617682238474,0.784314990044
1.441490326430078,0.591548025608
1.0924513197316505,0.610984027386
1.5067448491821032,0.9328789711000001
1.2910356380143966,0.799202024937
1.2114131051666954,0.983354985714
1.4517284670063808,0.54052901268
1.283241716736888,1.0936700105700001
1.6697096783551522,0.926633000374
1.5835309564622821,0.797241985798
1.0653019184723922,0.589605987072
1.3925811561531196,0.7799540162090001
1.7637505313113966,0.518279016018
1.2990975263078064,0.7263879776000001
1.0587305834654552,0.621636688709
1.4329190889748231,0.881067991257
1.467023664160238,0.731501698494
1.196131253405725,0.970385015011
1.806691239409287,0.871535003185
1.642781852984141,0.5505740046500001
1.1462485049429312,0.257629990578
1.236127607719017,0.6952109932899999
1.2482151443683034,0.35474300384499996
0.6651098619652386,1.30835092068
2.0676794621571166,1.42471003532
1.7198653718772252,2.4222431182900004
2.4000242296807235,1.58809316158
2.13429436765706,2.8828899860400004
3.078785316453057,1.51081001759
2.404220190669631,0.5103110075
1.8466655632327345,0.663749992847
1.2445782070592082,0.586565971375
1.190447916604841,0.9182999730109999
1.4539405188352719,1.1263630390200001
1.2791390675823708,0.9455379843709999
1.5930303342180672,0.7979699969290001
1.4122353187375734,0.88952600956
1.9810000761993596,0.501745998859
1.4476940276377295,0.788908004761
1.473823141836049,0.557146012783
1.3408879886378369,0.8079270124439999
1.403367199248496,0.7382910251620001
1.4823232038625744,0.6742079854009999
1.1594505937298965,0.878771364689
1.1818567669760724,0.7401880025859999
1.526495818822894,0.8886500000949998
1.4736649036061058,0.798327028751
1.407613152502821,0.513779997826
1.1082540654784716,0.776037275791
1.4415562060679794,0.852828025818
1.371043068939483,0.785162985325
1.2848237812888699,0.8431609869
1.757988816806257,1.02479887009
1.8887476118057596,0.8044279813770001
1.3314269524076474,0.8841310143469999
1.4239135966716654,0.36156499385799995
1.2687140915056532,1.1714910268799998
1.7092447692873183,0.44779101014100003
1.5161355573100956,0.766573011875
1.2287823458404636,0.773559987545
1.1478689110205085,1.05482304096
1.9669071294792941,0.784330010414
1.3858307175003768,1.0342509746600002
1.6132095215052171,1.09697902203
1.7477558661049657,0.7633029818529999
1.4221862156193608,0.5883730053899999
1.3618209787914566,0.636563003063
0.9893505337425358,0.575070023537
1.3151991664889644,0.539964020252
1.1737061212283841,1.32467114925
1.5941249741822323,0.817846000195
1.4805965642209857,0.635960996151
1.3059173398203971,0.813592016697
1.1627945678903822,0.987214028835
1.7468186170442113,0.983928978443
1.6274774411542428,0.590479016304
1.1135772885030457,0.898679018021
1.3605815519060516,0.626800000668
1.3388307857327593,0.692685008049
1.1697231569465818,0.575704991817
0.9675359003318567,0.676468014717
1.0978638297895862,0.827947020531
1.4409124497349175,0.654785990715
1.328975001254244,1.0858155489
1.629253225734716,0.8509550094600001
1.8801209803784429,0.887935996056
1.322295208451148,0.6557850241659999
1.3858994568653253,0.659780979156
0.5809684308039328,0.885627985001
1.4174173559786705,0.750299990177
1.5017924374313114,0.930316030979
1.6392587751778493,0.7259460091590001
1.0783229971288535,0.7123904824259999
1.3965921881263108,0.9326570034029998
1.634025262849903,0.654497027397
1.462140521353478,0.498726993799
0.9501474888952907,0.9782410264020002
1.3866207435761104,0.559324026108
1.5165536070380647,0.8733990192409999
1.3691692063128735,0.6232500076290001
1.3932164392208566,0.631924986839
1.1609782175521657,0.833535015583
1.3887234902823096,0.861343026161
1.4547271556048755,1.03601300716
1.704604491447934,0.6160370111469999
1.3413847338175113,0.987452983856
1.8389328612971985,0.668673992157
1.5923563918772852,0.645533978939
1.1727556326905595,1.00703001022
1.5525189112888356,0.7763000130650001
1.3528688680598457,0.9358490109440001
1.6699003268249633,0.6626719832419999
1.259986098641887,1.11335194111
1.8043653280775924,0.54953199625
1.1469357926766,0.927363276482
1.458517459016352,0.821533024311
1.4579064306706078,0.919354021549
1.583505854413757,0.6899859905239999
1.1334795059298868,0.649773895741
1.723315897349172,0.970504999161
1.323964229888527,0.8034440279009999
1.2139882364147598,0.8920990228650001
1.5839042037998456,0.746227025986
1.2664694176052613,1.4954074621200002
2.134596439565894,0.7597569823270001
1.6127948610833782,0.967728018761
1.6050931924820948,1.12601101398
1.9022764508868175,0.764141976833
1.4728640741170829,1.42381894588
1.76422450459051,0.830919027328
1.4235858931352234,0.531687021255
1.2522419577981625,0.694292008877
1.6240034023710193,1.09710001945
1.5862786245755256,0.86237102747
1.695490541348617,0.971195995808
1.6192067927863898,0.750190496445
1.8393042021500638,0.565989017487
1.2646318841037325,0.7235890030859999
1.2717602303899675,1.0888769626600001
1.676661886638445,0.261454999447
1.5273621042865522,0.192316800356
0.9025772004554885,0.204839006066
0.8638787385583433,0.375299990177
0.8470979132034834,0.18789100647
0.8084017284963942,0.417883992195
1.0154624895785724,0.612834990025
0.8991680880678173,0.48221001029
1.391472853048618,0.813664972782
1.4559733611025403,0.899798989296
1.1804872754679299,0.766745984554
0.9471905311285214,0.6762999892229999
1.45820701975801,0.9804093837740001
1.156698583068174,1.07553303242
1.5842576448797119,0.645973980427
1.6253853919455161,0.76016998291
1.1786089643770248,0.8707180023190001
0.7801770169094934,1.04555702209
1.825990584008259,0.483233988285
1.187397858835314,1.08598899841
1.410168583409005,0.7320979833600001
1.3567352190276138,0.712899029255
1.4138477811289085,1.0453890562100001
1.6065356599878484,0.735920011997
1.3891860246532346,0.8956930041310001
1.4497824757086928,0.874550998211
1.3902076886197885,0.923747003078
1.5735197934808711,0.9997780323030001
1.537122034951079,1.73953402042
2.02078671719586,0.810788989067
1.4137344512051875,0.7049050331119999
1.3373368431401567,0.832826972008
1.4805920098408736,0.827660024166
1.636728552236007,0.8953109979629998
1.8094759780583272,1.45950102806
1.7738039547036157,1.17951905727
1.7326395607652811,1.4434119463
1.7539116933635313,1.30673503876
1.9807835842703077,0.763499975204
1.4204651895160498,1.1451480388600002
1.623090302116441,0.725345015526
1.616176753106193,0.76335901022
1.4673602646252712,0.61748200655
1.4694998700356339,1.02932298183
1.8280739481200277,1.30205595493
1.8775258310410483,3.16412496567
2.7278425788677496,0.9734439849850001
1.9058746230070513,1.2296710014299999
1.4397170838292022,0.744153022766
1.9195254771087882,1.0630340576200001
1.7038382964309267,1.1238720417
1.3593943415182117,0.898477017879
1.0229030756920312,0.7175139784810001
1.3350365634360697,0.536750972271
1.3595860491461882,1.17544305325
1.7378109005089057,1.10104894638
1.5024126804530968,0.573449015617
1.9512023558627927,1.4311449527700002
1.7824365174166599,1.0377949476200001
1.5885812344275767,0.656862020493
1.412491740929469,1.0749080181100001
1.3198569204380812,1.3859720230099999
2.166462907631544,1.0048049688299998
1.6632981703154068,1.6095399856600001
1.980906446617519,2.8175759315499995
2.8084347710160733,1.96256256104
2.4518571001580507,1.27975201607
2.101643487053954,1.9953299760799998
2.486292662270221,2.03338599205
2.8666039493033875,1.3074439764
1.1883982337227392,1.61125802994
2.067554481493574,2.04021811485
2.4433501536034488,2.18324494362
2.7945786520618396,1.35141599178
1.3761201436063677,0.7242180109020001
2.042293135580344,1.3633890152
1.8656660133973695,1.52680897713
2.451958567510317,1.7840195894199997
2.1431868477839466,1.10359704494
1.86837279800542,1.76300799847
2.489744882395233,1.15754902363
1.876297843063832,1.15332603455
1.9773546656249394,2.3628110885599996
2.3254037831017813,2.58078789711
2.9336310791613887,1.24214696884
1.965209087108177,1.7128210067700003
2.0358053681526744,0.6676509976389999
1.557936505305966,0.8271329998970001
1.6993702377092716,0.9642647504809999
1.6975660676899598,1.3941617012
2.019683709882186,0.758404970169
1.3603352976325458,0.690075993538
1.1414944735165597,0.674024999142
1.4946773306221468,0.861522018909
1.34366954981238,0.790746986866
1.3575518299733045,0.728500008583
1.1889693318056398,0.24119800329199997
0.8656402774614891,0.335460007191
0.9206664568502432,0.591246008873
1.5235821806250986,1.0584269762
0.6509138061977502,0.766991972923
1.3576888850399353,0.588123977184
1.3029580519056634,0.5922303199769999
1.2360054867825214,0.875351011753
1.6451837059563104,0.7038279771799999
1.4290654479050426,0.567749977112
1.0012803617409618,0.713387012482
1.300993313508444,1.07750594616
1.5823642937428553,0.690941989422
1.3993821166503624,0.772458016872
1.4770729568356114,0.7237120270730001
1.5570737150642544,0.9752489924429999
1.3754933338039557,0.9151769876479999
1.6496404316855933,0.757400989532
1.3351089039387813,0.691206991673
1.361968519523927,1.1835279464700001
1.655319425937998,0.7705749869349999
1.3896699540191049,0.8947700262069999
0.9337894265222368,0.614335000515
1.4119892762957005,0.769231975079
1.5723609685318696,0.907074987888
1.485120652409602,0.40680998563799997
1.103378230863054,0.513888001442
0.7766524033238617,0.24814699590199998
1.1331281831663518,0.256875991821
1.063605358922707,0.598065972328
0.9293838581323532,0.598169982433
1.050745166391603,0.880114018917
1.2421442615946203,1.08564901352
1.5422286601307844,0.9920129776000002
1.5170275803171782,0.8743849992749999
1.9258094625053934,0.8770260214810001
1.2851814590013988,1.008928895
1.5463856440991977,0.808875977993
1.5091182107996175,0.6714209914210001
1.2695568636580346,0.744962990284
1.415918541258506,0.694267988205
1.4305154354337721,1.00188601017
1.419280097444541,0.793558001518
1.3137724804398783,0.845004916191
1.4374517563445808,0.803124010563
1.4217968690776799,0.5744469761850001
1.304753113164751,0.567972004414
1.086080695197098,0.453808009624
1.1187468276777885,0.8494881391529999
1.1427469280474016,0.40645998716399995
1.12735174636271,0.24535199999799998
1.010048708530838,2.32321810722
2.229629829639138,2.02711558342
2.399694195996317,1.5811179876299999
1.8731517196486835,1.72704994678
2.3154887916818083,1.15064203739
1.9625747489186547,1.6079339981099998
1.6424133718583227,1.33123397827
2.0221824758265097,1.22164201736
1.8216374439475738,1.58354198933
2.2089224401747947,1.60866212845
2.1958566650437445,2.18565392494
2.0848064733584084,2.98955988884
3.0838459741683746,0.75744998455
1.8237434740440863,1.8113440275200001
2.152289253059258,1.5279519558
1.7687734829960182,0.889223575592
