predict,actual
1.3269465015354547,0.623775005341
1.4084660925735923,0.691469013691
1.380760209614119,0.8557710051540001
1.3345858916365998,0.709383010864
1.0013566211288862,1.01454794407
1.3679052069580264,1.1157310009
1.0283683318266146,0.41828301549
1.3213454613240392,1.00228095055
1.3958415627343381,1.21886098385
1.3719814830742196,1.14329600334
1.4003752892622614,0.652818977833
1.3512102263724897,0.6746559739110001
1.0290862292312697,0.6009536385540001
1.3801228082300505,0.6694570183749999
1.0303010836472322,0.653807997704
1.3501559403344348,0.781412005424
1.4056112376539884,1.20630395412
1.327762688817879,0.846925973892
1.3234725686680477,0.82864099741
1.3262134581690312,0.648239016533
1.3462096229251626,0.56237000227
1.3143867921759362,0.718330979347
1.0348348101751554,1.09964799881
1.3092627968023147,0.954171001911
1.3823965030641805,0.729013979435
1.3446707720263378,0.669449985027
1.0292452088719288,0.863121986389
1.0350466418082789,0.646466016769
1.3630010928195868,0.822318017483
1.023615465474225,0.9235979914670001
1.3550619609575723,0.8300920128820001
1.3799866004899521,1.06731402874
1.028363141951603,1.54617500305
1.3208973315041668,0.682727992535
1.030688523704215,0.6385620236399999
1.3187272223386342,0.6464239954950001
1.3092053904297383,0.688109397888
1.3503192625235727,0.727398991585
1.3634775021624814,0.650035023689
1.3095396607468068,0.869369029999
1.376681391518328,0.44085800647699996
1.0318211874465257,0.451860994101
1.0267400879786117,0.757507026196
1.4118027585427353,0.495238989592
1.3363474834976539,0.685087025166
1.3395972984972162,0.724381327629
1.3652840023297577,0.8653740286830001
1.30248407862655,0.740046977997
1.3923515306628138,0.807075977325
1.4134500672377193,0.8204330205920001
1.03054882074217,1.11441195011
1.4528507509986686,1.1086050272
1.3163839408130233,0.475149989128
1.3256771004739627,1.0392680168200001
1.3888994164536186,0.9457899928090001
1.3588108512847732,0.787750005722
1.0090005656101435,0.350454986095
1.366310220676424,0.9367713332179999
1.345823136110529,0.986805975437
1.0115926433888578,0.647023975849
1.36422547965904,1.02977705002
1.0266007027640165,1.1874469518700002
1.0271599382754621,0.9328820109370001
1.361137292195551,0.7528370022769999
1.3663350049774994,0.642004013062
1.365802248420194,0.23073400556999996
1.4356714173839953,0.47149971127499996
1.3754532976252953,0.8772729635240001
1.3592083533443293,0.787630975246
1.3290974399381894,0.27422198653200003
1.4014939721167858,0.39922699332199996
1.2870980057020827,0.992351233959
1.0283569988342425,0.7627239823340001
1.3612031718334523,0.7200859785079999
1.3481413155876147,0.626478016376
1.309764837772817,0.726989030838
1.3531562176701777,0.9301019906999998
1.0339257347216064,0.687269985676
1.3699320120237508,0.866255283356
1.3651664357733742,0.835203826427
1.3296716095797705,0.940249979496
1.3475044437826293,1.0233579873999998
1.4038770779894238,0.732262969017
1.3152699182544276,0.930074989796
1.4175523986447867,0.8702930212019999
1.3641032528067278,0.510402023792
1.3634241205909343,1.0258179903
1.2877495998055701,0.455123990774
1.3869179433573824,0.734534978867
1.4044602504754127,0.7012919783589999
1.3587317321698016,1.01438605785
1.0089278014441656,1.1237702369700002
1.3329744884034302,0.48253700137100003
1.4183587357562708,0.46893200278299996
1.3529653573687335,0.875519692898
1.3783032804173372,1.1454249620399999
1.3612168349737888,1.9437874555599997
1.3003881105326105,1.5570390224500001
1.4029312497475281,2.10477590561
1.4182017685161266,1.06224000454
1.3973911111306356,0.786782979965
1.3858668347938243,2.24797105789
1.0313416006291343,0.5664669871329999
1.3138805145727712,0.8389729857439999
1.03052202404058,0.31881898641600004
1.421525512755649,0.638668000698
1.3689091829832145,0.754026651382
1.4710125597277681,1.08582603931
1.404521046154119,0.601429998875
1.032608141963579,0.6923220157619999
1.4039810873212875,0.878243982792
1.3889197522903984,1.27922403812
1.0271211730866006,0.725166976452
1.0292114217264456,0.428310990334
1.3386982850462406,0.701224982738
1.386649129014949,0.8846225738529999
1.3043055129239611,0.7809653878210001
1.3246575548237398,0.92597001791
1.3579002930097923,0.917864024639
1.3795931232314256,0.90730202198
1.0105031932997044,0.409945011139
1.4195870414809368,0.87414598465
1.3133157714388644,1.2313439845999998
1.3664516182915336,0.7683960199359999
1.415641677314014,0.9357339143749999
1.0132593346782726,0.752327024937
1.3657342504659613,0.624783992767
1.335292879712149,1.9779472351099998
1.033241730378251,2.47647929192
1.3524209500716065,0.682259976864
1.2680172713484938,1.29407799244
1.36706074015258,2.1165060997
1.3552117259221905,2.03023004532
1.3157518352197832,1.72759306431
1.3365497827072867,1.32161903381
1.034735355223404,1.11427497864
1.3564165183355796,1.6184829473500002
1.4156238834568315,1.10235404968
1.343094956507533,0.850126981735
1.3769840989220614,0.653181314468
1.4369182583765596,0.616827607155
1.0002604983432895,1.02320480347
1.3634692407287896,1.17678105831
1.3601943236807021,1.10875403881
1.378849700114979,0.983811020851
1.0238379946048213,1.82992756367
1.310977467956632,1.34213101864
1.3323052063585767,1.26566958427
1.3735253120164228,0.793037712574
1.343467038771114,1.0306893587100001
1.0342469773932381,0.821023225784
1.356946626997471,1.0991692543
1.4030461684084974,0.525535523891
1.3649336328085715,0.775839388371
1.3021773464217872,0.720975995064
1.3898540357082891,0.8666771054269999
1.2832980639512988,0.846204102039
1.3620938179349193,0.7614132165909999
1.3387982695770748,0.658724606037
1.3615373362347043,1.07865929604
1.367775036419472,1.2819403409999999
1.396815458667623,0.660000503063
1.3529735128866087,1.1125005483600001
1.3789845309494622,0.628070473671
1.012333948188973,0.686457574368
1.4141160658922591,0.900040984154
1.365781912583414,0.734256923199
1.369639366622591,1.0111212730399999
1.4225006796787325,0.882759988308
1.3791885248121598,0.7521411776540001
1.3209698838385115,0.9489411115649998
1.3677400842000067,0.6799052953720001
1.3866108934051702,0.721156597137
1.4193070000619477,0.6504104733470001
1.3132493622218802,0.716710627079
1.388328106539085,0.9056316018100002
1.0267726041342962,0.6526464819910001
1.3908377818125142,0.7056654095649999
1.4116956776521914,0.658105790615
1.421930746669814,0.659279406071
1.368292647015009,0.663406431675
1.3712177241209933,0.7808002829549999
1.399466319724529,0.756590723991
1.028505704640695,0.9280405640600001
1.363578122188215,0.707382977009
1.3770654422691808,0.38883998990099994
1.0362106566322917,0.342241793871
1.3493795773990374,0.23373000323799997
1.0314831041600607,0.145912706852
1.36279614571454,0.394953489304
1.3165951369512474,0.967840969563
1.3038204184841087,0.783922016621
1.4320497319524848,0.8333759903910001
1.024116447286562,0.9723259806630001
1.0351836968749097,0.6905210018160001
1.3356063905291717,1.3453240394600001
1.3298581273327355,0.7227010130879999
1.4209956159253907,0.6804850101469999
1.3254916418791634,0.7610610127449999
1.3678583921671061,0.8075709939
1.3584212929114594,0.588663995266
1.39399661512565,0.9960750937459999
1.3242683141978757,1.0454139709499999
1.304460467763591,0.47130599618
1.4264946592054573,1.04714095592
1.3447126087738797,1.12621426582
1.3528579587307399,2.5604617595700003
1.0280546091779588,0.7747610211370001
1.3200390956425674,0.717206001282
1.3518214665498673,0.800508022308
1.373529866396535,0.568039000034
1.3634886233232204,1.19578003883
1.3395527079384437,0.797044992447
1.0318345328394125,0.48993599414800004
1.3522962871555133,0.9918130040169999
1.3505078985928691,0.744569003582
1.3651098767273302,0.6096370220180001
1.4066993108375268,0.856591999531
1.3394104629968013,0.814429998398
1.3531325984430844,0.760592997074
1.3559995277657764,0.915751993656
1.4093371442489957,0.742163479328
1.3584623882482854,0.732936024666
1.033276788513533,0.8745691180230001
1.3808640071143492,0.9644910097120002
1.3826283527866339,1.4776719808599998
1.3515289270645239,0.6752679944040001
1.3189101389538362,0.5030400156970001
1.0060162815627014,0.706665992737
1.3729048571630045,2.9681959152200004
1.2847487928907442,1.2553009986900001
1.0295997091099607,4.08481502533
1.3292441333441274,1.6923229694400002
1.4344512671772045,0.412105202675
1.0328059927089162,1.03575098515
1.3082018380678162,0.640892028809
1.3788750139951373,0.706547021866
1.3355292838147148,1.06083035469
1.3802974634115608,1.88095402718
1.33650286200055,1.88637399673
1.3482418296975318,1.32877397537
1.375269215936111,0.39318400621399996
1.3185032103866063,0.6382430195809999
1.3861426395801508,1.04553198814
1.3600271885221678,0.658802986145
1.334343238500857,0.80467402935
1.3734375078044931,0.8740410208700001
1.3867763339106394,0.853255033493
1.030275981598707,0.8952109813689999
1.4113307976641365,0.730158984661
1.424444340828456,0.414941012859
1.3580742067805867,0.270094007254
1.341715826660083,0.49113199114799994
1.4637808396045688,0.507916986942
1.3803055130136195,1.22402000427
1.302414915598335,1.2676579952200002
1.313785084422049,2.6334879398299997
1.4343263924294785,3.99961543083
1.3842987511296283,6.65141820908
1.3454543372372612,2.10267806053
1.3526255794292037,1.28368997574
1.3939433394699194,1.29134750366
1.3810734026836917,1.3537540435799997
1.4218487678277951,2.39019107819
1.397005789389984,1.46144104004
1.361162394244076,1.599208951
1.0255106171799635,1.4711509943
1.3476198920226816,1.29820501804
1.2792169157075437,1.57962203026
1.0311530704756544,1.3603550195700003
1.3056044644982738,0.803641021252
1.3348794902801087,0.427668988705
1.3624251226091244,0.269407004118
1.3842837110836765,0.389717012644
1.4369751351700533,0.417917013168
1.3722847200570358,1.54603600502
1.3933895056651184,1.01761102676
1.3861371319576896,0.865315020084
1.4295499068499957,0.619410991669
1.4810249936989779,0.845414996147
1.0023661047765358,0.804859638214
1.3623598784661224,1.4358890056600002
1.0298407735084552,2.56575202942
1.3100378887479132,6.206179142000001
1.4079627806132913,0.9309499859810002
1.3580390427294882,0.907775998116
1.0282327595814156,0.460979789495
1.319956057642383,0.5264570117
1.3552026171619662,0.794224977493
1.4314616873389343,0.9704009890559998
1.3508198206726434,0.669588983059
1.3512317272832517,0.6997730135920001
1.3833982548572208,0.6903669834139999
1.3662395748267773,0.63616001606
1.3981382413006618,0.9726700186730001
1.343544886896287,0.639338970184
1.331873811237721,0.512377977371
1.3613118414612444,0.569913029671
1.4064337798854065,0.83180898428
1.349049861462081,0.46941101551100006
1.3809562597905745,0.9054309725759999
1.3715550659967422,0.848275005817
1.301463791565611,0.656663000584
1.032336044230832,0.63240557909
1.2998381956130223,0.326855003834
1.3917066092557697,0.304740995169
1.3819217883743509,0.21594800055
1.0377184741968641,0.214847996831
1.3432037320511419,0.151231005788
1.4054525757607792,0.415333837271
1.3591241502701628,0.734420001507
1.378960382143286,0.9913370013239999
1.4241218271670257,0.791000008583
1.3305422375919076,0.742917001247
1.354120793011605,0.74265486002
1.3918125250723314,0.8799139857289999
1.3266857367950797,0.73768299818
1.4408040978545749,1.24034297466
1.3747401664323855,0.8343409895899999
1.4041722653701814,0.305472999811
1.0137407220645456,0.892946004868
1.4155169084821042,1.28586602211
1.3287227097791943,0.41464000940300005
1.0316195237317922,1.09013700485
1.3262032902506413,0.592383027077
1.3479326614289882,0.377326011658
1.3495708613637478,2.6935973167400005
1.416982783383318,2.2886660099
1.3421107867400417,0.895527005196
1.0023112403835568,0.8070570230480001
1.3216071793067632,1.19486296177
1.3830668442671994,0.8929409980769998
1.0266421158482921,0.977608025074
1.002748354958507,1.8325070142700004
1.3684839309797194,1.4037929773299997
1.374367660505538,0.7223749756810001
1.3212354147906318,0.6599410176280001
1.370163967662021,0.740734994411
1.3270032724131318,0.555365979671
1.3967861199864353,1.2367689609499999
1.436807258600803,0.6214020252229999
1.3832514555354665,0.710873007774
1.0381456326850573,0.30647799372699996
1.2810394091631208,0.6473349928859999
1.3607980438351037,0.545826971531
1.3814593599192426,1.02424776554
1.40896612114358,0.8176820278170001
1.355583702269955,0.7440620064740001
1.3399935295669734,0.736715018749
1.419132450796254,0.576856017113
1.348300507059907,0.9152600169179999
1.4108848920764117,1.13702905178
1.0367723282075185,0.49600800871799994
1.3282586925868374,0.49413600564
1.3395905198849563,0.8834533095360001
1.345701862500566,1.27152490616
1.029889388868257,0.886436998844
1.364846993670624,0.898828029633
1.390271132193909,0.9049779772759999
1.3850770205497236,0.829931974411
1.0268237614736953,0.8756300210950001
1.3219081920574316,0.550292015076
1.3506165682206615,1.07391941547
1.3445355175285885,0.849192023277
1.3748684304862415,0.6393229961399999
1.4308892123504184,0.7995309829709999
1.2876265256267254,0.9646000266079999
1.3413622796644002,0.841355979443
1.3558184117194558,0.701144993305
1.3518781315117276,0.72400701046
1.370377599864026,1.01030802727
1.3750873584790746,0.65380603075
1.027389775597401,0.793285012245
1.4596686580265612,0.6538396477699999
1.2761144296088187,1.1607899665799999
1.3937929390104018,0.808578968048
1.311051609028225,0.374377012253
1.0363523719948513,0.25569999218
1.3298484889934283,0.489315003157
1.3591678935024027,1.1518440246600001
1.0318584698139555,0.737277984619
1.3242628065754145,1.08875095844
1.3150668776340788,1.9758529663099995
1.393853311025842,0.8547700047490001
1.3967354922261188,0.7977370023729999
1.0287505820085856,1.0524289608
1.3474420593666745,3.17945098877
1.4612578189382528,1.79706799984
1.329258008316097,1.05670201778
1.382137538892687,0.875126004219
1.31485027978921,0.664539992809
1.3939479997658482,0.757168412209
1.3010717971285162,1.36848402023
1.3381616096037225,0.9052469730380001
1.3332805851132934,1.0320609808
1.320667917845494,0.614133000374
1.2923583147316189,0.9733130335810001
1.0335379769171742,0.645228981972
1.3270455328239399,0.48943901062000006
1.3493683503224818,0.8408679962160001
1.4069813646570306,0.7771940231319999
1.4038855512547488,0.675535023212
1.3714800775986165,0.659205973148
1.4336035169814447,1.08415305614
1.422566241569184,0.9314100146289999
1.3983690318649498,1.3594796657600001
1.3943970828280698,0.763398826122
1.3690922055142332,0.535733997822
1.4127391602769572,0.6781889796259999
1.0248028876936983,0.7839810252189999
1.341730337126952,1.16936767101
1.0297546639495905,1.01528799534
1.323558995974362,0.925943017006
1.3935190407087734,1.31924402714
1.386188289297089,0.9717460274700002
1.0334507022843273,1.1762996912
1.3122676285181698,1.71460902691
1.3141593909177782,1.30733704567
1.3800675201738053,0.6186890006069999
1.4411654826206834,2.2984359264400003
1.0340101496274061,1.80824100971
1.365034041002672,0.879414975643
1.037671871237577,1.57094502449
1.3176524945479828,1.5785160064700001
1.384496284127516,0.620030999184
1.3419808280331205,0.9928810000419999
1.0263138827327674,0.455186992884
1.032596808971207,1.0173989534399999
1.346981113732998,0.8378469944
1.3542413252108523,0.488476991653
1.374039956969096,1.2463409900700002
1.3558174584771068,1.20963096619
1.3537345180286044,1.2524510622
1.3303401502139078,1.51972699165
1.3164611534432968,1.06379795074
1.0066426677018472,1.57149505615
1.404037752283148,1.27810502052
1.3906026486997471,1.19207799435
1.0362077969052446,0.830443918705
1.3608826705725365,1.40201568604
1.3634305814557446,1.156504035
1.3762832539638727,1.1625548601200002
1.0286752758630102,0.60075199604
1.0305852557830673,1.25383579731
1.3730539866327234,1.79184401035
1.3839695647717547,1.73406255245
1.3361213532292946,4.93997097015
1.3324137700705525,2.39435100555
1.3859017870132897,2.2125759124799997
1.3288656961315526,1.88652706146
1.3596831739499753,0.9343829751010001
1.3869401856788603,0.909982979298
1.3870801004725384,0.8112999796870001
1.399496293900616,1.04970896244
1.3598106965931156,1.35178804398
1.3345905519325285,1.27730596066
1.3179760673675787,0.7854449748989999
1.3601945355123353,0.48462298512500007
1.3428448892646307,0.6676359772680001
1.0014902868893871,0.832251012325
1.3369139212846257,0.5959370136259999
1.31363288339365,0.341089010239
1.37511214278015,0.686011016369
1.394810260428477,0.8153510093690001
1.3904825401637662,0.39854300022100003
1.0026426509735784,0.699815988541
1.0272587577323142,0.42636901140199995
1.393995873714934,0.686613976955
1.3332581309601823,0.182677000761
1.398587218447067,0.701882481575
1.3869983334621527,1.7966820001599997
1.3722443661309258,0.720426976681
1.3329079732706295,0.46806401014300003
1.3587573637974095,0.6408870220180001
1.380951069915563,0.7520520091060001
1.384665431686565,1.00181758404
1.4280445253492045,1.6608040332799998
1.3745182727966887,1.45059502125
1.3320816180698152,1.0850100517299999
1.371353614113642,1.09955501556
1.0309525718349033,0.769418001175
1.0315210220223898,1.25443041325
1.3652347514750565,1.49632096291
1.39268834295948,0.718636989594
1.3448321877307778,0.890201985836
1.3937447473138662,0.989175975323
1.0099060399259294,2.84901452065
1.0390024916410414,4.28107500076
1.3743469010054918,1.24873900414
1.3285379925951106,0.70965898037
1.3727078537441997,0.7497439980509999
1.3401489080698694,0.8907449841499999
1.345316858507364,1.46952795982
1.3682786661272228,1.60888803005
1.304057669913207,1.04346096516
1.35944306279383,1.18475103378
1.4901226327625443,0.506372511387
1.412759496113737,0.694615602493
1.383400161341919,0.929911017418
1.4209467887339557,0.775462985039
1.2875131957030044,0.856469631195
1.0069303350596288,0.926900982857
1.29660162009053,0.7506660223010001
1.0335012241288273,0.9248849749570002
1.3490818480386826,1.07016265392
1.350000985494805,0.8752880096439999
1.3864392038665236,0.7511039972310001
1.3366014696257686,0.8627579808239999
1.4019464444851375,0.509657025337
1.3395162728975465,0.8495249748229999
1.409711662576358,0.671136975288
1.3105467083306754,0.613218009472
1.0251633192174576,0.381054997444
1.359261099420977,0.871042013168
1.3804686233711245,0.654031991959
1.4160083578709504,0.9089673757549999
1.358027497905483,0.9709029793739999
1.3881588530642193,0.9856920242310001
1.0352084811759852,1.35625624657
1.377555938415678,1.30987298489
1.023347286626691,0.634491980076
1.3878770110763485,0.593350827694
1.02823170042325,0.879638016224
1.3571174692095849,1.13183641434
1.360478283984904,1.84127402306
1.398325712295976,2.26174592972
1.0028681457470383,2.5979759693099997
1.3689287774092784,2.3991920948
1.3816438652716931,1.98229801655
1.3933402548104172,2.2695479393
1.3180294489391258,2.0178899765000002
1.381210351834506,1.45226204395
1.4178779838648974,1.34279799461
1.3486391199254546,1.3119150400200001
1.378608529800668,1.2767620086700002
1.3280205938312069,1.2752670049700001
1.3890442033748585,1.2104460001000001
1.284893367980351,0.815348029137
1.0324082788177271,0.72711199522
1.4402397783839342,0.604301989079
1.4117547786778328,0.9830358624459999
1.3589205800707311,1.10152900219
1.3708065589211007,1.1837249994299999
1.3732591455694032,0.435640007257
1.334522553978296,0.327004015446
1.3515389890670972,0.803984999657
1.0108477374509794,0.421685993671
1.3844564597804887,0.573455989361
1.3871956546284072,0.39594578743000003
1.0294297142243791,0.416375011206
1.3415526103867617,0.560397028923
1.3710936966997995,0.774905025959
1.323587275497384,0.637084007263
1.2969257224892088,0.383926004171
1.3626857814336828,0.564873993397
1.0307610760385597,1.05471503735
1.3535373027781668,0.6537709832190001
1.0105249060420995,0.593102991581
1.005695462554336,1.02260899544
1.3955107876392159,0.8359869718549999
1.3324348473180483,0.637534022331
1.3466189875561736,0.9755985140799999
1.3461815552337737,0.48980799317400003
1.3541602996111826,1.0986479520799999
1.3182486946794085,1.1511659622200001
1.4737119302286592,0.8061249852179999
1.3404492853256385,0.47447699308399993
1.3369219708866844,0.789602994919
1.4286108572203597,0.476253002882
1.0353238235002207,0.545522987843
1.3452032108361933,0.6212809681889999
1.3636634903363638,0.7707700133319999
1.0032398043473532,0.933706998825
1.3276223503609348,0.8110550045970001
1.3628479385488388,0.600552976131
1.4123850837021914,1.00252103806
1.38040253190159,0.8921650052069998
1.0297805074088315,0.9160850048070001
1.3480839092150383,0.741342008114
1.3801747069801658,0.9283249974250001
1.3542911056446363,0.642940998077
1.386248661312529,0.9950090050700001
1.3678971573559677,0.627136588097
1.355848809558809,1.0386890173
1.3217807753301078,0.6888009905820001
1.380628238506683,0.5214130282399999
1.3727235292850508,0.651027023792
1.370475466078529,1.1597019434
1.3559056863523027,0.645640015602
1.3527470648707998,1.19586265087
1.3469387474063732,1.30470395088
1.3314655057648757,0.8844429850579999
1.3872960628225077,0.7697709798810001
1.0032398043473532,0.770210027695
1.4295960861460166,0.641828000546
1.3722649137993388,0.893715977669
1.3077686423780788,0.5247250199319999
1.3084298748208736,0.514221012592
1.3566380942238268,0.717274844646
1.3124270318220952,0.641076982021
1.3274733268070324,0.4689820110800001
1.0265516637409484,1.2037500143100002
1.3341431635233718,0.7911959886550001
1.3058027389068774,1.13630115986
1.3723259213096781,0.8642929792399999
1.3593965657503595,0.8814030289650001
1.0309775679676119,0.58174097538
1.024553561861512,0.865119993687
1.032224408960176,0.907812476158
1.030142421754023,0.7377740144730001
1.3838616365546783,1.1203750371899999
1.3894664897354898,0.9422479867940001
1.4075637957323033,1.06006002426
1.3308365776461324,0.715842008591
1.299960528381151,0.404020994902
1.3238076863116488,0.29207798838599996
1.4156603184977288,0.631792426109
1.35835011748273,1.12466526031
1.0314657339661446,1.11569094658
1.342531378447608,1.24741899967
1.3842289526065141,0.697616994381
1.0347207388407185,3.69397497177
1.3240593422917994,0.820483982563
1.3734611270315864,0.85730701685
1.032206509187177,0.690235972404
1.430249163070936,0.8385969996449999
1.3716714674791435,1.28772699833
1.3653753017636339,0.9632229804989998
1.4046767424044646,1.34329998493
1.398015908532533,0.7316169738770001
1.374877009667383,0.6809219717980001
1.383137278285213,0.701478421688
1.4119176772037048,0.669803023338
1.3402349117129175,1.36564302444
1.3578691537597232,0.9781420230869999
1.327949736149927,0.67867898941
1.3788044740613072,0.597633004189
1.3695008287345283,0.819377481937
1.0269119893488912,0.791110992432
1.4009051860925195,1.0441473722499999
1.43519257197732,1.4000159502
1.36206638573843,0.874862015247
1.0338627148107522,0.622817993164
1.329699253607893,0.7164059877399999
1.3685189891150014,0.6523500084880001
1.3788003433444613,0.9379299879069999
1.3535969333828908,0.593699991703
1.4058720023943634,0.539344012737
1.3857988368395917,0.9370089769359999
1.4728001009638796,0.808772027493
1.3506987588943133,0.56542801857
1.3707765847450137,0.602082014084
1.3549345442302485,1.14667999744
1.337602797755543,0.9824249744419999
1.3452430351832205,0.567151010036
1.4041765020028438,0.786639988422
1.3682512339307333,0.7388439774510001
1.304682043651838,0.681029975414
1.375991032225979,0.708697974682
1.3692738511396365,0.6642330288889999
1.422454394466895,0.512479007244
1.026534611294482,0.604038000107
1.347916985888137,0.672879993916
1.3268858117725648,0.8265414834020001
1.4049181245504088,0.454686015844
1.3375053552043061,0.559450984001
1.3882254741128366,0.133221805096
1.3525663724877457,0.163306996226
1.3936542952065225,0.17978604137899998
1.2954604830828944,0.57479184866
1.3271120479567406,0.8508148789409999
1.354777576990104,0.852764010429
1.340796901035594,1.6876280307799998
1.0097295841755378,2.1495220661200003
1.0331880310592543,0.812285006046
1.3703858612977178,1.2396399974799999
1.026445218345304,2.12843728065
1.0309699420288194,2.1392390728
1.4160527365980897,0.9779880046840002
1.4147866189269114,0.6937779784199999
1.340482013312956,0.721879005432
1.3987638860290916,0.7631160020829999
1.4057023252562315,0.856532990932
1.3945056465400454,1.1093380451200001
1.0291624886191941,0.647634029388
1.4126652310369971,0.9241870045659999
1.327868075055358,0.7877320051189999
1.294105396125804,1.3055670261399999
1.2976250846259656,0.910771012306
1.0140270125167117,0.869964003563
1.028247375964101,0.574302017689
1.3230218968685776,0.859953224659
1.4073690165456463,0.47758498787899994
1.384456883443755,1.1080174446100002
1.344718328227974,1.29072499275
1.4288170753152054,0.859157979488
1.324436932177842,0.305898010731
1.3532548252953966,0.903901994228
1.3330981980771743,0.635275006294
1.3630096720007283,1.0234229564700001
1.313371694990009,0.673066973686
1.2743786812070057,0.850479006767
1.2930800251056704,0.51419699192
1.388248351929214,1.52795660496
1.2940972406079287,4.09438562393
1.0359002173739496,0.9952359795569999
1.3219048027513016,0.8670449852940001
1.47137383857806,1.14105606079
1.413898408889225,1.6222579479199999
1.398744715266294,1.9802049398400003
1.3381055801367614,1.3755470514300001
1.332315797940233,1.8518650531799998
1.3566433900146548,1.42092394829
1.3778550446816482,1.5891779661200003
1.387745675463812,1.67319941521
1.4069633589682151,2.12393403053
1.3646192746650165,1.64840197563
1.3845172554591951,1.2047419548
1.0282297939385519,0.792083978653
1.357077327115108,1.22702741623
1.395743484688202,1.2269510030700002
1.011708833039626,1.13134396076
1.3241071103250688,1.25246500969
1.380353704710155,1.1168919801700001
1.3450833141318455,1.1223870515799999
1.2964525965366278,1.0401530265799999
1.4100647859087745,0.809131026268
1.0258636345965637,0.7681059837340001
1.3122703823294004,0.7982919812199999
1.348240558707733,0.766672253609
1.420883662907285,1.05736005306
1.409499936859051,0.8607699871060001
1.2994642068647428,1.0707770586
1.354992903845174,0.53015100956
1.3514206810999978,0.660418987274
1.3156036589924134,0.990917980671
1.3758434914935085,0.356153011322
1.349667244756819,0.961823999882
1.3350250186120645,1.24482905865
1.3623944070223215,0.8381230235100001
1.377175594718405,0.9245989918709999
1.3477020826963333,0.8131660223010001
1.3151596598893869,1.00306105614
1.3621594857411876,0.875234007835
1.3575261983456965,0.7991399765009999
1.025799767359177,0.881296157837
1.0292168234330903,1.06308019161
1.3798287859232754,0.9057049751280001
1.333094914686861,0.690955996513
1.343316320564147,1.3559700250600002
1.3663540698244803,0.757239997387
1.3687722338324004,2.04375457764
1.0229987176743864,0.8576130270960001
1.3705427226220457,2.36495709419
1.3621442338636027,4.17923116684
1.4303539138135155,2.23356199265
1.0103142394829583,0.8013390302660001
1.3631459856566432,0.83728402853
1.3497671233718367,0.8851529955859999
1.3408285698647457,0.9040349721909999
1.3507540469505586,1.30293953419
1.0319758245387056,0.722869992256
1.393252344682671,0.800912022591
1.406611294793964,1.03291928768
1.0355553554752246,1.3216282129299999
1.3481551905595843,0.93677598238
1.3987458803402761,0.700770020485
1.0077971501023697,0.762431979179
1.3499749302039308,1.14493894577
1.0327370415123347,0.772161006927
1.3504585418223514,0.8772150278090001
1.3453532935482613,1.2435050010700002
1.4284552668858308,0.638184010983
1.0309532073298027,0.746819972992
1.3836530883118683,0.683992981911
1.3201005268161732,1.4195051193200001
1.3935573822343688,0.614147007465
1.4173903474454475,0.7347676754000001
1.4564557017311623,0.6770560145379999
1.3618539186104073,1.07402694225
1.3054356346866745,0.615638971329
1.3232747179227105,0.9692379832269999
1.3879337819540256,0.9916120171549999
1.4110882504442102,0.808956027031
1.0292095152417475,2.4351439476
1.4130515060199977,0.822347998619
1.0373612201476015,0.593822002411
1.3837602751182287,0.576224982738
1.3027866801144665,0.42242398858099994
1.3542195065526406,0.676587998867
1.2919452430470284,0.552034974098
1.3995952192732843,0.9015229940410001
1.3655874511442068,0.748996019363
1.3218721806798006,0.8627583980560001
1.0309426157481465,0.9480749964709999
1.3771701930117604,1.05561387539
1.0073931871780033,1.9700200557700003
1.3139851593995342,0.9391199946400001
1.3348956954000426,1.00904297829
1.3945474832875873,0.7824029922490001
1.4095841399332176,1.01626503468
1.0135114143216895,0.878274977207
1.3584910914345736,0.735361993313
1.3085816521860063,1.1099909544
1.3407691510916548,0.772719979286
1.347115944567481,1.16498196125
1.329769793541723,0.715721011162
1.0328934791733961,1.47547900677
1.0363997163648544,0.835452020168
1.3656344777667602,0.734466016293
1.027084102550804,0.786192774773
1.40212872560544,1.14346504211
1.2758743184526733,0.924699008465
1.3512748350205923,2.95876455307
1.0288936742767605,2.13832402229
1.3899370737084735,2.03871202469
1.0060826907796856,1.4802099466299998
1.3668339743893214,0.9367650747299999
1.291786581153819,1.71593976021
1.3274786225978605,1.00140202045
1.3956195631828248,0.889622986317
1.3713361380039093,0.749293982983
1.3675262401663686,1.1151839494700002
1.352188358938437,0.9457820057870001
1.4178530936480054,0.645218014717
1.4381784447620105,1.16484200954
1.387026295237725,1.2443510294
1.027386174459638,0.9045109748839999
1.368876243164264,0.5575259923929999
1.3491951779624036,0.577834367752
1.3698972716359186,0.719983577728
1.0249314694950042,0.76077902317
1.0294058831656527,0.540440022945
1.3179630397221416,0.8009672760959999
1.3773531096269624,0.771014988422
1.3289196072821823,0.670971989632
1.3879060320100864,2.7689704895
1.396871276302951,3.08613300323
1.349652522458317,1.11635804176
1.3564960611138175,1.01826095581
1.3437097978226735,0.744261026382
1.2893499877938173,1.1143867969499999
1.3820623386629283,1.3805164098700002
1.2798249784104243,1.22909843922
1.3390367919959718,1.57323896885
1.0268281040221743,1.24559795856
1.4112530554547802,0.829861998558
1.4651047873115899,0.537698030472
1.031621006553224,0.8593800067899999
1.2820232611831623,0.794964790344
1.3396818193188325,0.812288999557
1.0106384477974535,1.20946097374
1.4230774972157274,1.04361104965
1.3845382267908743,0.9914460182189999
1.3532866000403652,1.37764596939
1.430688713709667,0.7495359778399999
1.0274586208781662,0.754966974258
1.4233054280529682,0.852221012115
1.3825931887355354,1.31262803078
1.3762874905965352,0.949999988079
1.401981608536236,0.8433979749680001
1.4061982231093735,0.632993996143
1.2707711884949144,0.6848490238189999
1.3775880309080961,0.829603970051
1.032224620791809,1.11777603626
1.3395459293261838,1.0605150461200001
1.4223122554410692,0.9966710209849998
1.3772752615017896,0.6726049780850001
1.324329639455665,0.84998100996
1.4112014744521146,0.792970001698
1.2845849411225234,0.7509549856190001
1.3857421718777312,0.9556260704989998
1.38764685600696,0.6085839867589999
1.3649117082345432,0.778249979019
1.0345050942381988,0.509814023972
1.359085914660384,0.636431992054
1.0320005029239645,0.6015599966049999
1.417582055073424,0.65563338995
1.3854135150989402,0.638554990292
1.3216761305033449,0.8762890100480001
1.3618600617277679,0.7967479825020001
1.3498259066500284,0.682483017445
1.4020390149088124,0.802550017834
1.3288062773584615,0.795031189919
1.3021634714498176,1.58489704132
1.0306177719387517,1.0174859762200001
1.3858128177273779,0.917778015137
1.347051653666828,1.2302210331
1.37030631851948,1.0278990268700001
1.0282828577626493,0.9125559926029998
1.3737773916598397,0.793597996235
1.3534938772933764,1.0304379463200002
1.3436271834857554,0.532537996769
1.3649930515816626,0.612778007984
1.4990859705707107,0.874128997326
1.3620089793658536,0.366723001003
1.0009762774316133,0.7391750216480001
1.3414982755728655,0.560423016548
1.3385355983520018,0.775817811489
1.034311797872974,0.8102909922600001
1.3717474091196182,0.6437510252
1.023101032353185,0.723645746708
1.3920847287208948,0.9113870263100001
1.3724118190369097,0.662783026695
1.341808608915391,1.0020359754600001
1.4734792331796733,0.8224419951440001
1.0010226685592674,1.0305769443500001
1.3037994471524295,0.678113996983
1.342081977637937,0.533345997334
1.3077394096127077,0.320995986462
1.3758159533812024,0.7608630061149999
1.365311010862981,0.7439860105509999
1.3567198612342124,0.546840012074
1.4012749382081362,0.7004669904709999
1.39051908112048,0.8356525897980001
1.3556202432266689,1.27425897121
1.028946208521775,0.893445014954
1.2820142583387546,0.621165990829
1.0331013919213068,0.790015995502
1.3710246395874013,1.06749498844
1.4036380259914443,0.66980099678
1.3416327886598989,1.26569497585
1.4268006499995038,0.638062000275
1.0255492764530085,0.9348030090330001
1.3027335103745525,0.8006410002709999
1.0016348619789939,1.08570897579
1.324440321483972,0.352703988552
1.422872656026497,0.588370978832
1.32773154956781,0.48754200339299997
1.39768269737363,0.46368801593799996
1.307569732474576,0.363703995943
1.4092852454988805,0.875024318695
1.025207697944597,0.6435279846190001
1.3813501607123675,0.4834130108359999
1.3948877908062,0.212089002132
1.4070111270014845,0.45604699850100006
1.3080352324883646,0.43679100275
1.3826523956769934,0.723880410194
1.0318426883572878,0.556069016457
1.3732256761713697,0.474842995405
1.3336387924049051,0.267464011908
1.3226958879852009,0.958843708038
1.311336522574776,0.78689801693
1.335660195763985,1.7943609952900001
1.3890497109973197,1.33767795563
1.3165037316015546,1.2104539871200002
1.4247657953317208,0.56547999382
1.0449373785062592,0.40084299445200006
1.3746638011286445,0.272765487432
1.379393895580473,0.583644986153
1.4073052552240761,0.853380262852
1.3615896586480858,0.866061031818
1.3600521846548763,1.15834999084
1.3581424165664524,0.7764859795569999
1.006746359286261,1.06880700588
1.3572166064138866,0.5888479948040001
1.342632633968241,1.5888684988
1.0332954296972479,0.432785987854
1.487293515386365,0.399603009224
1.3615114927754632,0.554534971714
1.374456100212367,0.6221979856490001
1.366393788255691,1.14955198765
1.378089012720433,1.12126004696
1.0328395680227662,0.9776459932329999
1.3158561622990965,1.73274195194
1.0032398043473532,2.30270791054
1.3504553643478545,1.05347704887
1.0354724233908568,0.796280026436
1.4545618210152227,0.520332992077
1.3171248219498723,0.610480010509
1.321576040056694,0.445305794477
1.0287981382102218,0.652213871479
1.3240795722127627,1.17554116249
1.3192032080182625,1.0322021246
1.0319379066763765,0.7193930149079999
1.0282201555992447,0.820013999939
1.3736040074681282,0.9497330188750001
1.3891329608291372,1.0391149520899998
1.3337745764817373,0.58838301897
1.3655874511442068,0.950855970383
1.3070261725039813,0.527760028839
1.3611917329252636,0.773606300354
1.007903383666381,0.970355987549
1.3368049339093837,1.38388991356
1.0296481126381294,0.779523015022
1.4378322059576705,0.606999993324
1.2770067703633508,0.466057002544
1.3519052459607674,0.945527017117
1.4478629633651454,0.623872995377
1.3368092764578627,0.39232400059699996
1.4135398838501636,0.5156549811360001
1.3398586987324905,0.967938542366
1.3875361739786531,1.3565659523
1.4090097584600034,0.9072690010069999
1.3142520672572697,0.816276013851
1.4369824433613958,2.47986698151
1.4094399885068771,1.1330800056499999
1.3500738555765994,1.04558396339
1.3273846752685703,0.847437024117
1.0329391288903342,1.5365229845
1.4015686427674618,0.900898993015
1.3411571207277202,0.48120099306100006
1.3617706687785898,0.85725402832
1.030815622684089,0.861747980118
1.3486743898923697,1.0086940527
1.339488840701057,1.12772703171
1.0087818494489438,0.77955698967
1.3694041275940074,0.989550292492
1.0060313216086532,0.8363329768179999
1.3714467141163997,0.9099559783939998
1.0280370271524095,0.551105976105
1.3739286394458898,1.23976433277
1.3313476214610427,1.21183896065
1.3849121096233372,1.37998199463
1.290918071458013,1.14846098423
1.3919698100599254,0.766390025616
1.3248741526686085,0.9660840034479998
1.3481551905595843,0.815675020218
1.3378168536208142,1.1422729492200001
1.288965831127148,1.2994799614
1.3917278983348986,0.858331024647
1.3783023271749881,0.714946985245
1.399001349289823,0.8764400482179999
1.3458318212074871,0.830546021461
1.0280560919993906,0.853524029255
1.3957317280325636,0.909241020679
1.4176440158261125,0.520272016525
1.3836357181179522,0.741104006767
1.3645620801240732,0.585331976414
1.3208732886138073,0.504777014256
1.4321362651746157,0.5519493222240001
1.4101043984241686,0.969752013683
1.2996810165412447,1.11651599407
1.3977987811085817,1.0498449802399998
1.0290174898663211,0.634262979031
1.3580223080304714,0.5644329786300001
1.0083707901648677,0.9184709787369999
1.314733560559359,0.9593539834020001
1.323590664803514,0.598415970802
1.3502444859570801,0.9383450150489999
1.408288789496668,0.45422500371900004
1.025992534145319,0.7079470157619999
1.3871226786307962,0.38765001296999996
1.4250410705389647,0.448433995247
1.0276046787892048,0.840570986271
1.3576302076775602,0.533711016178
1.3697626526330686,0.721135020256
1.3554218629022488,0.521538615227
1.3352761450131323,0.705075979233
1.438600731122642,0.640564978123
1.429904089340578,0.516858994961
1.4103142176567773,1.66040945053
1.3101566203782788,2.46530795097
1.3137180397101655,1.62215602398
1.0391039589933075,1.8662700653100002
1.4001330597897848,3.62353610992
1.3265886119912926,0.794870972633
1.3331494613323902,0.906598985195
1.3248562528956096,0.8571879863740001
1.4532026033412864,0.775637984276
1.378214205215609,0.700670003891
1.4221171585069625,0.6443409919740001
1.3348459149662588,0.7579550147059999
1.374127443433576,0.549960017204
1.4053232525487573,0.49646699428599994
1.371293665761468,1.36767756939
1.307313839861763,1.3978940248500002
1.3090420682406,0.814813017845
1.3626927718775759,1.27889895439
1.3734489467126818,0.862398028374
1.293812327061378,1.09386599064
1.33242309066241,0.813471019268
1.3640892719189417,1.46668708324
1.38143849450338,0.9060310125350001
1.3272712394290327,0.7652140259739999
1.0078575221178099,1.3110339641600002
1.4455821721713058,0.789250016212
1.030530709137538,1.47490203381
1.3219146529222419,0.9167850017550002
1.3475866344562812,1.18614006042
1.3074076812752367,1.4113919735
1.4401634130801932,2.09247207642
1.326040497640586,0.718922019005
1.0339230868261924,1.3018610477399999
1.327060996533158,1.26897478104
1.3343938662611734,1.2219970226299999
1.3099191571175475,0.906111001968
1.3201149313672256,1.0788739919700001
1.4297619503147523,1.0280250310899999
1.3551609922460575,0.7863690257070001
1.4259058731811909,1.27685296535
1.411057111194141,0.709342002869
1.4151734234889946,0.520192980766
1.376511078885297,0.564561009407
1.027726376062434,0.9855200052259999
1.0264906562306089,1.09284198284
1.389393725569512,0.47868999838799997
1.0366157846306403,0.39550599455799995
1.3884074374856896,1.85070300102
1.3410961132173806,1.1957960128799998
1.3546355438800948,1.70251083374
1.3521379430097535,2.9983510971099996
1.4009902364932185,2.40708088875
1.0347111005014114,2.5859439372999997
1.3142797112853923,2.23383903503
1.371363252452949,1.65577304363
1.3536087959543457,1.4306110143700002
1.3140727517798307,0.8921740055080001
1.332739884869746,1.23169696331
1.3221747821677172,0.895507991314
1.4433672606153678,1.60203301907
1.3607197720466646,1.58539903164
1.3877804158516442,1.2320599556
1.3520499269661908,1.21037101746
1.2910280120756041,1.24214100838
1.0358098711824224,0.9857040047650001
1.3395063168107897,0.728968977928
1.3523768890919168,0.6761519908910001
1.420244990533418,1.07157301903
1.301256726144233,0.9457439780239999
1.4207453368508556,0.43763700127599997
1.377423014065893,0.514182031155
1.337902433600596,0.338719010353
1.4168107760972217,0.714428007603
1.3755662038857501,0.499619990587
1.032013424653585,0.79173797369
1.037889528240611,0.864624321461
1.2965683625241295,0.602496027946
1.395539278993871,1.2600699663200001
1.035612761847801,1.01233994961
1.027552674123273,1.00452899933
1.0282543664079942,0.631023526192
1.0381023131160836,1.1412210464499999
1.3365467111486065,0.542609989643
1.3254862401725187,0.854745984077
1.007982185033903,0.7744219899179999
1.351378844352456,0.308434009552
1.3610960909429084,0.837620973587
1.4019350055769488,0.7293469905850001
1.3869830815845678,0.7503905892370001
1.0250495656304706,1.13482201099
1.3622051354581257,1.61424005032
1.0106441672515478,1.2447930574400001
1.3534677160866857,0.714163005352
1.3665721504907808,0.729304015636
1.0308578830948971,0.648698985577
1.3458271609115584,0.342799007893
1.028364624773035,0.386186003685
1.3364103974926915,0.636629998684
1.3661871464975792,0.39904800057400003
1.337700663970046,0.417885988951
1.0068643495059109,1.10379052162
1.0297334807862781,0.695618987083
1.2814337337481798,0.8070139884950001
1.381933862777439,0.594769001007
1.341859872170607,1.1076079607
1.0418643370045384,0.971358001232
1.3014301103359445,0.717034995556
1.4534402784336509,0.67648100853
1.0063622026195918,1.6877729892700002
1.3006484516097192,0.990756988525
1.3352661889263755,0.808203995228
1.0107459523512636,1.08771896362
1.3448334587205766,1.5648180246399999
1.0288151906566882,0.667380988598
1.0332293382277133,1.2564899921400001
1.3681818590708854,1.09188604355
1.3654308016515122,0.737550973892
1.3961778454519214,0.6224380135540001
1.3903183706480955,0.8364729881290001
1.2733478025644107,0.577426016331
1.302877661800893,1.0157610178
1.3790807025109002,1.10615897179
1.348489460876653,0.6945540308949999
1.4009638634548947,1.13090395927
1.358456668794191,0.951821982861
1.3343215257584617,0.752457022667
1.3357786096469009,0.558522999287
1.3356863569706758,1.4158363342299998
1.3212554328799617,1.8552980423
1.2978358571009234,0.7845479846
1.3600243287951206,0.8210539817810001
1.3439978888437214,0.583589017391
1.374006593486879,0.835972011089
1.0308057725131488,2.18466305733
1.3412056301717055,0.680548012257
1.3334810837540447,1.238904953
1.3692081833333682,1.03032803535
1.0349039732033702,0.791410982609
1.383130711504586,0.842372000217
1.3672957673495303,0.446471005678
1.4138047793073845,0.558933794498
1.3446074343680339,0.709932982922
1.3661023079285133,0.7334340214730001
1.3275803017817598,0.7833399772640001
1.3270883228138308,0.842680990696
1.3147021035618403,1.09976100922
1.036675309319548,0.8706315755840001
1.3521490641704925,0.586246013641
1.4118933165658956,0.8863990306849999
1.3397994917910325,1.0193990469
1.3682504925200174,0.849361002445
1.36175033294181,1.0106669664399999
1.3246480224002493,1.33151602745
1.3618523298731589,1.2150089740799999
1.3769122879984326,1.64559102058
1.3991621294993637,0.970878005028
1.3558781482399966,1.4112720489500001
1.3770385396517741,0.7953929901119999
1.3019300329901156,1.04633104801
1.4132315629081524,0.887933969498
1.3615268505688647,0.8349300026890001
1.2977346015802904,0.9847199916839999
1.0336747142363552,1.09039402008
1.4490610830820911,0.490164995193
1.363877969864901,0.6141669750209999
1.359102331611951,0.631474018097
1.3283224539084075,0.825244009495
1.4114850110930501,1.05145096779
1.4185090302999719,1.0471149683
1.3783128128408277,0.39214301109300004
1.3894849190875715,0.46951499581300005
1.3680166303970493,0.772090017796
1.3702201030447987,0.7520099878309999
1.0340273079896891,0.687739372253
1.0300782367691865,0.6718119978899999
1.4255997764713275,1.18593323231
1.0032398043473532,0.657198011875
1.3596268267355645,0.8213180303569999
1.0317047859641244,0.7795739769939999
1.3627035752908652,1.03012299538
1.409949867247805,0.621188998222
1.3755538117352124,0.8660820126530001
1.4041000307832863,0.9608931541440001
1.3361574705227421,0.6760399937630001
1.326669002096063,0.740238010883
1.3073391537419212,0.598470985889
1.403778470364205,0.615105986595
1.3623129577593855,0.935873568058
1.3373646989999124,0.58182477951
1.3546674245408798,0.715665996075
1.3150573452105883,0.6529520154
1.3770679842487783,0.9700022935870001
1.0285321835948353,0.7834500074390001
1.3515307276334054,0.744813024998
1.4615222907322074,0.8276180028919999
1.0353317671864628,0.8943400979039999
1.3784798420835456,2.50501704216
1.3470390496846572,1.62071204185
1.4064635422298604,1.41758596897
1.3350675967703223,1.04987204075
1.3648097113031943,1.22650754452
1.3935709394588887,1.0431790351899999
1.3747263973762325,0.9694439768790001
1.3437153054451347,0.819225013256
1.0278269960881676,0.8129550218580001
1.3233684534203676,0.671208024025
1.4414266710243244,0.528989970684
1.3764753852551157,0.346193015575
1.3818203210220847,0.478949010372
1.3821760922499156,1.15381097794
1.3137076599601425,0.9671270251270002
1.3940493612022977,0.784583985806
1.3690282323610299,0.470185995102
1.3599160828305945,0.563278257847
1.3580321582014117,0.241623997688
1.3212450531299387,0.270985990763
1.3986484377890396,0.199468001723
1.0257317694049444,0.132716998458
1.3217111886386268,0.4732620120049999
1.315323193910158,0.6585559844969999
1.4291148046755604,0.9621880054470001
1.3574460200725593,0.511197984219
1.397891457448073,0.9829789996150001
1.0346122810445593,0.910009980202
1.3953446057230305,1.0265760421799999
1.0285425633448584,0.830938994884
1.0326570750708306,0.9651920199390001
1.3710993102380773,1.00054395199
1.4097565708825799,1.98318505287
1.3803562466897525,1.27485501766
1.3569803082271377,1.28652596474
1.3163410449073158,1.3822449445700002
1.343818891113732,1.73692405224
1.483578200373014,1.25766801834
1.3143613723799614,0.7533379793170001
1.2733036356689045,1.0849089622499999
1.3171993866847318,1.06249403954
1.418416459876297,0.778762996197
1.39506276373516,0.825646996498
1.0306710475944822,0.989183008671
1.3385452366913089,1.41809201241
1.365159233497848,1.15167796612
1.3157871051866983,1.25036406517
1.4368311955753459,0.879401981831
1.390356182594608,1.0894230604200001
1.3135898815721259,1.8090629577599997
1.3647986960582719,0.868739008904
1.355887468831854,0.8521729707719999
1.298859109804726,1.3078379631000001
1.353176447591141,1.2625759840000002
1.0314908360146697,0.760155975819
1.29696141611939,1.06988704205
1.3475012663081325,0.8579840064049999
1.3312311140628248,1.14932394028
1.0331481007964105,1.06714296341
1.3718993983163843,0.740061998367
1.0332564526767531,0.679988026619
1.4097395184361137,0.7323921322820001
1.3244338606191617,0.835274994373
1.026616060557418,0.600082993507
1.315649202793535,1.0105639696100002
1.0258516661092922,0.761397004128
1.3350007638900718,0.726006984711
1.3629599974827609,1.06432402134
1.3156085311199752,0.5901079773899999
1.3536005345206539,0.774465978146
1.4363795705335267,0.7406870126719999
1.0314867052978238,0.8908360004429999
1.0343976956002054,0.7620100975040001
1.3590846436705852,0.777450025082
1.3383928238312766,0.581107020378
1.3338062453108892,0.7908779978749999
1.343684801689965,0.890371978283
1.4144440871761508,0.788205981255
1.3778153262504376,0.730194985867
1.0315663539918782,0.9248933196069999
1.0128432973508184,1.26558697224
1.2862413585777317,0.7884140014650001
1.0215870716712523,0.91806101799
1.3905459837378866,0.656926989555
1.3610160185855877,0.825268030167
1.0092364401336265,0.42572298645999995
1.304455383804396,0.9114630222319999
1.3356122158990826,0.7238519787790001
1.3078432071129382,0.9657319784160001
1.3568748160738422,0.719420015812
1.3348428434075785,0.714648008347
1.0123704891456868,0.618879973888
1.0360785796090395,0.850296974182
1.332646149372089,0.611301481724
1.330898538398821,0.840580999851
1.3973287267146808,0.590990006924
1.0338035078692942,1.1918078661
1.382202571204056,1.07247805595
1.384641494712022,0.7976800203319999
1.294494954499118,0.714037001133
1.442392623271367,0.8885610103610001
1.3847967672991015,0.736729025841
1.379385210483515,0.9655410051350001
1.39305830690673,0.856945991516
1.3801103101636962,0.583833992481
1.3650747126762317,3.0475621223400005
1.0266559908202617,0.8865389823909999
1.4298148023072166,1.1864609718299999
1.3248106031786715,0.87507301569
1.3873243423455297,1.11197304726
1.3481429043248632,0.692927002907
1.3429754834664513,0.563274979591
1.315680130211971,0.551968991756
1.2918808462305589,0.921135008335
1.3815884712996314,0.546503007412
1.4056030821361132,0.9997850060460001
1.3967303023511073,0.75122398138
1.34715386242981,0.840256989002
1.3369011054708217,0.784314990044
1.4022117636056244,0.591548025608
1.3792311029704176,0.610984027386
1.3349261991552124,0.9328789711000001
1.3662933800615906,0.799202024937
1.3578304944866784,0.983354985714
1.3445840269725737,0.54052901268
1.3309893082536144,1.0936700105700001
1.3292543012625173,0.926633000374
1.302286863376112,0.797241985798
1.3320164798426297,0.589605987072
1.343319709870277,0.7799540162090001
1.0063249202521622,0.518279016018
1.3329328634875215,0.7263879776000001
1.0346937303074952,0.621636688709
1.3861628695011141,0.881067991257
1.0309276816180113,0.731501698494
1.352929451906919,0.970385015011
1.0076480206326508,0.871535003185
1.3610597618178277,0.5505740046500001
1.403850916782733,0.257629990578
1.0281225012163748,0.6952109932899999
1.027606797105536,0.35474300384499996
1.3277330323892418,1.30835092068
1.3984909409698123,1.42471003532
1.0318581520665058,2.4222431182900004
1.3511681777933147,1.58809316158
1.4038535646781471,2.8828899860400004
1.3164292727825118,1.51081001759
1.3315944053136313,0.5103110075
1.4254707710067553,0.663749992847
1.3547305503675506,0.586565971375
1.3634857635961732,0.9182999730109999
1.319005886852008,1.1263630390200001
1.0309184669419704,0.9455379843709999
1.327399503482889,0.7979699969290001
1.31424836020369,0.88952600956
1.3428306965452115,0.501745998859
1.3684334091352195,0.788908004761
1.0005960396501568,0.557146012783
1.0349192250809551,0.8079270124439999
1.0380166272204852,0.7382910251620001
1.3731508996048774,0.6742079854009999
1.3646998766014198,0.878771364689
1.0248489610739027,0.7401880025859999
1.3515213011257314,0.8886500000949998
1.0106451204938969,0.798327028751
1.3897615712004308,0.513779997826
1.3560487786204776,0.776037275791
1.3776517922296663,0.852828025818
1.34603380266967,0.785162985325
1.3619740271463883,0.8431609869
1.4127627795040505,1.02479887009
1.0405726936215685,0.8044279813770001
1.3152068983435734,0.8841310143469999
1.3081716520600961,0.36156499385799995
1.411244899936905,1.1714910268799998
1.0382320599913717,0.44779101014100003
1.3287044922587457,0.766573011875
1.3471313023608824,0.773559987545
1.403029115962031,1.05482304096
1.2888716719662248,0.784330010414
1.3690632904963118,1.0342509746600002
1.0318494669695477,1.09697902203
1.0294814011428612,0.7633029818529999
1.3276555020115186,0.5883730053899999
1.354231475039912,0.636563003063
1.3682131042367711,0.575070023537
1.3649638188162916,0.539964020252
1.3592645946429236,1.32467114925
1.4046045078175697,0.817846000195
1.4443415802119188,0.635960996151
1.3580425379514347,0.813592016697
1.376720792202089,0.987214028835
1.3361008055608816,0.983928978443
1.3975630125009153,0.590479016304
1.3143635966121092,0.898679018021
1.3571588822938605,0.626800000668
1.029018231277037,0.692685008049
1.4092515642692138,0.575704991817
1.0299786759016185,0.676468014717
1.295600503792389,0.827947020531
1.3903758829364885,0.654785990715
1.3530620585092543,1.0858155489
1.407717585497951,0.8509550094600001
1.3038790958464839,0.887935996056
1.4530796350782584,0.6557850241659999
1.418885772859482,0.659780979156
1.3508040392159757,0.885627985001
1.4489017856939823,0.750299990177
1.337279013104314,0.930316030979
1.0318472427374,0.7259460091590001
1.3953977754629445,0.7123904824259999
1.3026017510987498,0.9326570034029998
1.0322962198838048,0.654497027397
1.0107932967212667,0.498726993799
1.375466431186549,0.9782410264020002
1.0247659230737183,0.559324026108
1.2866895943134207,0.8733990192409999
1.0448317804371472,0.6232500076290001
1.4096073354970446,0.631924986839
1.0261189976302938,0.833535015583
1.3718336245942995,0.861343026161
1.4054647560796838,1.03601300716
1.3511795107856868,0.6160370111469999
1.342309378896095,0.987452983856
1.3438843470883672,0.668673992157
1.03154104011172,0.645533978939
1.417131383273954,1.00703001022
1.331852098495326,0.7763000130650001
1.3896257871235986,0.9358490109440001
1.031659453994636,0.6626719832419999
1.4202885219340249,1.11335194111
1.370314262205722,0.54953199625
1.3157853046178167,0.927363276482
1.3676820423325309,0.821533024311
1.3494237442945436,0.919354021549
1.4131346499359987,0.6899859905239999
1.0094287832565025,0.649773895741
1.3509628070250017,0.970504999161
1.3338037033312917,0.8034440279009999
1.3903473915818334,0.8920990228650001
1.01215230256357,0.746227025986
1.0374627934156841,1.4954074621200002
1.3217429633835953,0.7597569823270001
1.4772172141777684,0.967728018761
1.3551225448046456,1.12601101398
1.2884268255366655,0.764141976833
1.3091574105648358,1.42381894588
1.3454560318903261,0.830919027328
1.3392942733460331,0.531687021255
1.0330896352656684,0.694292008877
1.3527971630520335,1.09710001945
1.4265318356570704,0.86237102747
1.027166716887722,0.971195995808
1.438599036469577,0.750190496445
1.3672432331045157,0.565989017487
1.4366979534781112,0.7235890030859999
1.0302935636242563,1.0888769626600001
1.3477588535740104,0.261454999447
1.317292380771673,0.192316800356
1.3544231826678887,0.204839006066
1.3789061532452065,0.375299990177
1.3828374306085267,0.18789100647
1.3836839098144877,0.417883992195
1.2649339560125665,0.612834990025
1.3748484123969116,0.48221001029
1.032596067560491,0.813664972782
1.3053098066965991,0.899798989296
1.3329264026227112,0.766745984554
1.360031954733913,0.6762999892229999
1.3572175596562357,0.9804093837740001
1.283233243471563,1.07553303242
1.3161886320472835,0.645973980427
1.3552947639223747,0.76016998291
1.0324704514020488,0.8707180023190001
1.345867832585118,1.04555702209
1.3715537950069434,0.483233988285
1.0327607666552443,1.08598899841
1.30921704116956,0.7320979833600001
1.3610957731954587,0.712899029255
1.374836232078007,1.0453890562100001
1.4369661323256455,0.735920011997
1.3283227716558572,0.8956930041310001
1.3416547132339272,0.874550998211
1.3494361364450813,0.923747003078
1.0299933982001206,0.9997780323030001
1.4291194649714891,1.73953402042
1.3716280419943532,0.810788989067
1.0104883650853858,0.7049050331119999
1.3789411054646719,0.832826972008
1.380776626565686,0.827660024166
1.4180510503091592,0.8953109979629998
1.3461289150729425,1.45950102806
1.367598157005814,1.17951905727
1.3564648159479318,1.4434119463
1.3102335152611024,1.30673503876
1.374361623303994,0.763499975204
1.4100053671356834,1.1451480388600002
1.279094053360332,0.725345015526
1.3773069303309415,0.76335901022
1.3066526074189684,0.61748200655
1.0298438450671354,1.02932298183
1.3788737430053386,1.30205595493
1.3910056583817645,3.16412496567
1.3205795840544816,0.9734439849850001
1.0309667645543226,1.2296710014299999
1.378826292719519,0.744153022766
1.034293898099975,1.0630340576200001
1.3692544685452057,1.1238720417
1.317137955511126,0.898477017879
1.3623997028131496,0.7175139784810001
1.3238607501357462,0.536750972271
1.366323248321861,1.17544305325
1.3850484232792521,1.10104894638
1.3988380271006848,0.573449015617
1.3964898734475122,1.4311449527700002
1.35073582943011,1.0377949476200001
1.359738567922037,0.656862020493
1.0243866385346108,1.0749080181100001
1.4417059710325977,1.3859720230099999
1.3475503053312006,1.0048049688299998
1.305602028434493,1.6095399856600001
1.3750472163845977,2.8175759315499995
1.394784628800869,1.96256256104
1.37860662331597,1.27975201607
1.0225307815968168,1.9953299760799998
1.2750848219560225,2.03338599205
1.3140794244762741,1.3074439764
1.333243196830047,1.61125802994
1.4363694026151368,2.04021811485
1.313473903752991,2.18324494362
1.365386634756006,1.35141599178
1.3197177470551191,0.7242180109020001
1.3834976038931557,1.3633890152
1.3776845202169838,1.52680897713
1.3384165489741864,1.7840195894199997
1.3376181555489444,1.10359704494
1.4100053671356834,1.76300799847
1.35547789236921,1.15754902363
1.0298643927355484,1.15332603455
1.030446823810821,2.3628110885599996
1.385735711012921,2.58078789711
1.012256205979617,1.24214696884
1.366533703049369,1.7128210067700003
1.3800085250639804,0.6676509976389999
1.4653269986947364,0.8271329998970001
1.2885278692256654,0.9642647504809999
1.306906169883817,1.3941617012
1.4142672077624927,0.758404970169
1.3584405695900736,0.690075993538
1.3406493603031235,0.674024999142
1.3579866144002901,0.861522018909
1.0384389135811167,0.790746986866
1.3328888025078318,0.728500008583
1.037768996041364,0.24119800329199997
1.4188177749052493,0.335460007191
1.0324284028228738,0.591246008873
1.3788587029593868,1.0584269762
1.3348664626346716,0.766991972923
1.3102974884143057,0.588123977184
1.312193169699127,0.5922303199769999
1.332734589078918,0.875351011753
1.4098601565511772,0.7038279771799999
1.3636298091066972,0.567749977112
1.2987372006998634,0.713387012482
1.3083977823284554,1.07750594616
1.0327964602854256,0.690941989422
1.3293729269770664,0.772458016872
1.3307334156408013,0.7237120270730001
1.3613365198465033,0.9752489924429999
1.0248683436683335,0.9151769876479999
1.33745779900267,0.757400989532
1.0263506355211143,0.691206991673
1.3547030122552446,1.1835279464700001
1.0389116158704315,0.7705749869349999
1.3792130972816021,0.8947700262069999
1.3792391525724763,0.614335000515
1.282483147658673,0.769231975079
1.302182218549349,0.907074987888
1.0082055614910315,0.40680998563799997
1.3828969552974344,0.513888001442
1.3361338512956489,0.24814699590199998
1.3711522681463582,0.256875991821
1.3562096647458346,0.598065972328
1.4102948350623465,0.598169982433
1.3323594352566563,0.880114018917
1.3774105159995387,1.08564901352
1.3626420382014428,0.9920129776000002
1.0338402606576411,0.8743849992749999
1.3982239271962602,0.8770260214810001
1.3733719459140414,1.008928895
1.2896351131720014,0.808875977993
1.3716640533719842,0.6714209914210001
1.3352898081534688,0.744962990284
1.3475885409409794,0.694267988205
1.3643594631669906,1.00188601017
1.360554861120278,0.793558001518
1.404941002366786,0.845004916191
1.342607531919716,0.803124010563
1.34532098922421,0.5744469761850001
1.4053883907759428,0.567972004414
1.0285707369520638,0.453808009624
1.3811932993880396,0.8494881391529999
1.033666029139397,0.40645998716399995
1.0101099278728107,0.24535199999799998
1.3483256091084321,2.32321810722
1.3322794688151525,2.02711558342
1.3567416798924241,1.5811179876299999
1.3878670549895917,1.72704994678
1.0362177529920014,1.15064203739
1.3694140836807642,1.6079339981099998
1.3797399225531801,1.33123397827
1.4123660188552103,1.22164201736
1.008147943286822,1.58354198933
1.3823929019264174,1.60866212845
1.4069335966237613,2.18565392494
1.4651619818525332,2.98955988884
1.3793788555345212,0.75744998455
1.3127386361544195,1.8113440275200001
1.3361972948697693,1.5279519558
1.3509002107774137,0.889223575592
