predict,actual
-0.4555147,0.709383010864
-0.5402406,1.01454794407
-0.37584567,1.1157310009
-0.30832222,0.41828301549
-0.71273255,1.00228095055
-0.3493972,1.21886098385
-0.18964396,1.14329600334
-0.26954687,0.652818977833
-0.58620125,0.6746559739110001
-0.47806543,0.6009536385540001
-0.5124245,0.6694570183749999
-0.53951186,0.653807997704
-0.59025824,0.781412005424
-0.51644933,1.20630395412
-0.27339542,0.846925973892
-0.49651006,0.82864099741
-0.48587272,0.648239016533
-0.54705983,0.56237000227
-0.57700604,0.718330979347
-0.52696127,1.09964799881
-0.31618708,0.954171001911
-0.42222494,0.729013979435
-0.5560127,0.669449985027
-0.54236907,0.863121986389
-0.40373287,0.646466016769
-0.57152045,0.822318017483
-0.4863472,0.9235979914670001
-0.41230783,0.8300920128820001
-0.4690804,1.06731402874
-0.33961397,1.54617500305
-0.027938474,0.682727992535
-0.53159106,0.6385620236399999
-0.5350804,0.6464239954950001
-0.46990737,0.688109397888
-0.4654928,0.727398991585
-0.5464735,0.650035023689
-0.59435254,0.869369029999
-0.45282358,0.44085800647699996
-0.73012984,0.451860994101
-0.7210465,0.757507026196
-0.5360243,0.495238989592
-0.7074469,0.685087025166
-0.63384134,0.724381327629
-0.5908141,0.8653740286830001
-0.4875487,0.740046977997
-0.5847421,0.807075977325
-0.51232284,0.8204330205920001
-0.47975162,1.11441195011
-0.30170798,1.1086050272
-0.30650723,0.475149989128
-0.66698706,1.0392680168200001
-0.29316863,0.9457899928090001
-0.3333336,0.787750005722
-0.4703463,0.350454986095
-0.75334996,0.9367713332179999
-0.34331003,0.986805975437
-0.35394737,0.647023975849
-0.61998075,1.02977705002
-0.37217334,1.1874469518700002
-0.22079678,0.9328820109370001
-0.3946021,0.7528370022769999
-0.508698,0.642004013062
-0.503453,0.23073400556999996
-0.75610715,0.47149971127499996
-0.66575164,0.8772729635240001
-0.45626035,0.787630975246
-0.55932575,0.27422198653200003
-0.8953229,0.39922699332199996
-0.7640398,0.992351233959
-0.38652706,0.7627239823340001
-0.5890296,0.7200859785079999
-0.6392897,0.626478016376
-0.6214636,0.726989030838
-0.51752883,0.9301019906999998
-0.43766493,0.687269985676
-0.5872062,0.866255283356
-0.46015465,0.835203826427
-0.46094266,0.940249979496
-0.39329043,1.0233579873999998
-0.3565656,0.732262969017
-0.5068424,0.930074989796
-0.3733867,0.8702930212019999
-0.4019196,0.510402023792
-0.62406486,1.0258179903
-0.3313678,0.455123990774
-0.66445184,0.734534978867
-0.52402616,0.7012919783589999
-0.5607679,1.01438605785
-0.3581196,1.1237702369700002
-0.3381854,0.48253700137100003
-0.69578767,0.46893200278299996
-0.6602169,0.875519692898
-0.39759994,1.1454249620399999
-0.27493247,1.9437874555599997
0.13470756,1.5570390224500001
-0.052368592,2.10477590561
0.3665005,1.06224000454
-0.17268726,0.786782979965
-0.25293925,2.24797105789
0.6258468,0.5664669871329999
-0.4112046,0.8389729857439999
-0.33512655,0.31881898641600004
-0.5987976,0.638668000698
-0.38269037,0.754026651382
-0.52776456,1.08582603931
-0.35350844,0.601429998875
-0.64806116,0.6923220157619999
-0.5888398,0.878243982792
-0.4389952,1.27922403812
-0.21500275,0.725166976452
-0.5785804,0.428310990334
-0.7121021,0.701224982738
-0.49198872,0.8846225738529999
-0.40478018,0.7809653878210001
-0.5471141,0.92597001791
-0.46097317,0.917864024639
-0.4141211,0.90730202198
-0.42112172,0.409945011139
-0.72128713,0.87414598465
-0.4152582,1.2313439845999998
-0.21021706,0.7683960199359999
-0.52739,0.9357339143749999
-0.42872223,0.752327024937
-0.4646404,0.624783992767
-0.53748167,1.9779472351099998
0.22101115,2.47647929192
0.52631986,0.682259976864
-0.5420013,1.29407799244
-0.056240875,2.1165060997
0.6042857,2.03023004532
0.46138242,1.72759306431
0.15710917,1.32161903381
0.093014,1.11427497864
0.057477124,1.6184829473500002
0.26946637,1.10235404968
-0.09840554,0.850126981735
-0.2865154,0.653181314468
-0.40499368,0.616827607155
-0.43904775,1.02320480347
-0.2999642,1.17678105831
-0.26957396,1.10875403881
-0.32361814,0.983811020851
-0.38139734,1.82992756367
0.17632484,1.34213101864
-0.11058501,1.26566958427
-0.14848593,0.793037712574
-0.36115304,1.0306893587100001
-0.1579692,0.821023225784
-0.3547642,1.0991692543
-0.23595037,0.525535523891
-0.6004838,0.775839388371
-0.45379293,0.720975995064
-0.5054307,0.8666771054269999
-0.44817176,0.846204102039
-0.50066024,0.7614132165909999
-0.5320368,0.658724606037
-0.58092916,1.07865929604
-0.3293088,1.2819403409999999
-0.21224385,0.660000503063
-0.5944,1.1125005483600001
-0.28386158,0.628070473671
-0.51982,0.686457574368
-0.50457996,0.900040984154
-0.41587338,0.734256923199
-0.4969032,1.0111212730399999
-0.37414593,0.882759988308
-0.44716176,0.7521411776540001
-0.49930623,0.9489411115649998
-0.38932493,0.6799052953720001
-0.53049463,0.721156597137
-0.5203504,0.6504104733470001
-0.56902426,0.716710627079
-0.52395666,0.9056316018100002
-0.44452995,0.6526464819910001
-0.6015582,0.7056654095649999
-0.56264555,0.658105790615
-0.5790617,0.659279406071
-0.57666713,0.663406431675
-0.6001533,0.7808002829549999
-0.52627325,0.756590723991
-0.5428503,0.9280405640600001
-0.44399273,0.707382977009
-0.564247,0.38883998990099994
-0.7388488,0.342241793871
-0.75523275,0.23373000323799997
-0.82605565,0.145912706852
-0.9312716,0.394953489304
-0.8288417,0.967840969563
-0.50620514,0.783922016621
-0.6449752,0.8333759903910001
-0.59916025,0.9723259806630001
-0.43844783,0.6905210018160001
-0.5543587,1.3453240394600001
-0.16850147,0.7227010130879999
-0.5172085,0.6804850101469999
-0.5171204,0.7610610127449999
-0.4572636,0.8075709939
-0.41052842,0.588663995266
-0.6117566,0.9960750937459999
-0.37257838,1.0454139709499999
-0.32397404,0.47130599618
-0.69276613,1.04714095592
-0.3336827,1.12621426582
-0.24815017,2.5604617595700003
0.57513434,0.7747610211370001
-0.5118839,0.717206001282
-0.4212166,0.800508022308
-0.2639223,0.568039000034
-0.4115198,1.19578003883
-0.22315234,0.797044992447
-0.47106653,0.48993599414800004
-0.6285489,0.9918130040169999
-0.35994473,0.744569003582
-0.48488134,0.6096370220180001
-0.6256206,0.856591999531
-0.4778231,0.814429998398
-0.45877352,0.760592997074
-0.53792566,0.915751993656
-0.44542474,0.742163479328
-0.5137955,0.732936024666
-0.530559,0.8745691180230001
-0.4428353,0.9644910097120002
-0.38051105,1.4776719808599998
-0.092264116,0.6752679944040001
-0.5608628,0.5030400156970001
-0.619186,0.706665992737
-0.458582,2.9681959152200004
0.87408805,1.2553009986900001
-0.2552084,4.08481502533
1.4888844,1.6923229694400002
0.25893748,0.412105202675
-0.3424915,1.03575098515
0.06413881,0.640892028809
-0.07707833,0.706547021866
-0.35550305,1.06083035469
-0.2986186,1.88095402718
0.27161688,1.88637399673
0.15426554,1.32877397537
-0.16006549,0.39318400621399996
-0.58348304,0.6382430195809999
-0.3537389,1.04553198814
-0.17067233,0.658802986145
-0.53530914,0.80467402935
-0.5082743,0.8740410208700001
-0.42332646,0.853255033493
-0.44517732,0.8952109813689999
-0.4737407,0.730158984661
-0.541237,0.414941012859
-0.7108074,0.270094007254
-0.80631465,0.49113199114799994
-0.68517405,0.507916986942
-0.7260711,1.22402000427
-0.34580117,1.2676579952200002
-0.3215371,2.6334879398299997
0.52998877,3.99961543083
1.4023131,6.65141820908
3.0905213,2.10267806053
0.56564593,1.28368997574
0.4655733,1.29134750366
0.8286612,1.3537540435799997
0.7684146,2.39019107819
0.8414728,1.46144104004
0.20040247,1.599208951
0.3319245,1.4711509943
0.18344238,1.29820501804
0.084864415,1.57962203026
0.15505356,1.3603550195700003
0.021848738,0.803641021252
-0.31466022,0.427668988705
-0.56513333,0.269407004118
-0.6580715,0.389717012644
-0.677621,0.417917013168
-0.77361804,1.54603600502
-0.15664737,1.01761102676
-0.5002044,0.865315020084
-0.5667009,0.619410991669
-0.623382,0.845414996147
-0.4038515,0.804859638214
-0.49340373,1.4358890056600002
-0.14137347,2.56575202942
0.55171084,6.206179142000001
2.7295375,0.9309499859810002
-0.34357947,0.907775998116
-0.06876436,0.460979789495
0.04395379,0.5264570117
0.043250512,0.794224977493
-0.37975353,0.9704009890559998
-0.30358058,0.669588983059
-0.4738644,0.6997730135920001
-0.58651984,0.6903669834139999
-0.56307095,0.63616001606
-0.6162542,0.9726700186730001
-0.44329455,0.639338970184
-0.6344616,0.512377977371
-0.7030984,0.569913029671
-0.65662086,0.83180898428
-0.49154133,0.46941101551100006
-0.75564283,0.9054309725759999
-0.49619654,0.848275005817
-0.50096697,0.656663000584
-0.616844,0.63240557909
-0.63313806,0.326855003834
-0.77056426,0.304740995169
-0.7981549,0.21594800055
-0.8895204,0.214847996831
-0.91070527,0.151231005788
-0.9932298,0.415333837271
-0.85495627,0.734420001507
-0.68156785,0.9913370013239999
-0.5390916,0.791000008583
-0.6355123,0.742917001247
-0.5960133,0.74265486002
-0.531991,0.8799139857289999
-0.42963058,0.73768299818
-0.5281831,1.24034297466
-0.21801245,0.8343409895899999
-0.44716007,0.305472999811
-0.75361603,0.892946004868
-0.3791011,1.28586602211
-0.13747746,0.41464000940300005
-0.73943853,1.09013700485
-0.33499774,0.592383027077
-0.54248935,0.377326011658
-0.7015834,2.6935973167400005
0.62290657,2.2886660099
0.4134407,0.895527005196
-0.43473485,0.8070570230480001
-0.32014072,1.19486296177
0.13506173,0.8929409980769998
-0.22362515,0.977608025074
-0.32755652,1.8325070142700004
0.25165048,1.4037929773299997
-0.017079137,0.7223749756810001
-0.47366783,0.6599410176280001
-0.43131843,0.740734994411
-0.32840386,0.555365979671
-0.5590224,1.2367689609499999
-0.23224247,0.6214020252229999
-0.5946728,0.710873007774
-0.55253357,0.30647799372699996
-0.7880107,0.6473349928859999
-0.55995953,0.545826971531
-0.6899378,1.02424776554
-0.42754954,0.8176820278170001
-0.5561449,0.7440620064740001
-0.5770552,0.736715018749
-0.54946625,0.576856017113
-0.6162966,0.9152600169179999
-0.42976105,1.13702905178
-0.31068116,0.49600800871799994
-0.6903919,0.49413600564
-0.67628056,0.8834533095360001
-0.39949962,1.27152490616
-0.2012642,0.886436998844
-0.5007738,0.898828029633
-0.439829,0.9049779772759999
-0.35927027,0.829931974411
-0.40767634,0.8756300210950001
-0.41737145,0.550292015076
-0.59986186,1.07391941547
-0.282655,0.849192023277
-0.44316915,0.6393229961399999
-0.58225274,0.7995309829709999
-0.48047695,0.9646000266079999
-0.3506919,0.841355979443
-0.46576226,0.701144993305
-0.56248456,0.72400701046
-0.5048511,1.01030802727
-0.33604166,0.65380603075
-0.5810783,0.793285012245
-0.49929607,0.6538396477699999
-0.5591207,1.1607899665799999
-0.2566709,0.808578968048
-0.5036513,0.374377012253
-0.74671876,0.25569999218
-0.78583306,0.489315003157
-0.638261,1.1518440246600001
-0.32234037,0.737277984619
-0.63450223,1.08875095844
-0.39254308,1.9758529663099995
0.20167685,0.8547700047490001
-0.43392143,0.7977370023729999
-0.4529168,1.0524289608
-0.18802726,3.17945098877
1.0995904,1.79706799984
0.13357551,1.05670201778
-0.22834475,0.875126004219
-0.117228046,0.664539992809
-0.16529688,0.757168412209
-0.33030865,1.36848402023
-0.06417693,0.9052469730380001
-0.344742,1.0320609808
-0.32375202,0.614133000374
-0.54595494,0.9733130335810001
-0.30650046,0.645228981972
-0.55865806,0.48943901062000006
-0.6629301,0.8408679962160001
-0.46112737,0.7771940231319999
-0.5087539,0.675535023212
-0.6127073,0.659205973148
-0.62052643,1.08415305614
-0.3258466,0.9314100146289999
-0.4434013,1.3594796657600001
-0.19152673,0.763398826122
-0.50398177,0.535733997822
-0.59207493,0.6781889796259999
-0.4948408,0.7839810252189999
-0.43920365,1.16936767101
-0.28378025,1.01528799534
-0.39486644,0.925943017006
-0.4071222,1.31924402714
-0.14426455,0.9717460274700002
-0.32730064,1.1762996912
-0.21191509,1.71460902691
0.13369246,1.30733704567
-0.08261476,0.6186890006069999
-0.50265825,2.2984359264400003
0.5681456,1.80824100971
0.28974628,0.879414975643
-0.34267962,1.57094502449
0.14642438,1.5785160064700001
0.28745848,0.620030999184
-0.42018119,0.9928810000419999
-0.24986516,0.455186992884
-0.47676226,1.0173989534399999
-0.23947185,0.8378469944
-0.46599612,0.488476991653
-0.6595187,1.2463409900700002
-0.22840576,1.20963096619
-0.24247816,1.2524510622
-0.24362375,1.51972699165
-0.06664774,1.06379795074
-0.2381551,1.57149505615
0.07395762,1.27810502052
-0.08432975,1.19207799435
-0.1090666,0.830443918705
-0.33500454,1.40201568604
0.03930875,1.156504035
-0.15357836,1.1625548601200002
-0.19294684,0.60075199604
-0.5136074,1.25383579731
-0.08912392,1.79184401035
0.18583693,1.73406255245
0.103229366,4.93997097015
2.0321317,2.39435100555
0.6222135,2.2125759124799997
0.6606872,1.88652706146
0.7039161,0.9343829751010001
0.30528963,0.909982979298
0.011870621,0.8112999796870001
-0.118551575,1.04970896244
-0.042785328,1.35178804398
-0.070858955,1.27730596066
-0.15034665,0.7854449748989999
-0.45302355,0.48462298512500007
-0.6090214,0.6676359772680001
-0.48183945,0.832251012325
-0.44462654,0.5959370136259999
-0.66058975,0.341089010239
-0.82290024,0.686011016369
-0.59153605,0.8153510093690001
-0.5383612,0.39854300022100003
-0.8368184,0.699815988541
-0.6422621,0.42636901140199995
-0.7597219,0.686613976955
-0.62294644,0.182677000761
-0.9535749,0.701882481575
-0.61410034,1.7966820001599997
0.023199378,0.720426976681
-0.63872874,0.46806401014300003
-0.7600896,0.6408870220180001
-0.5209215,0.7520520091060001
-0.42091835,1.00181758404
-0.41898137,1.6608040332799998
-0.020351512,1.45059502125
-0.09061352,1.0850100517299999
-0.28599855,1.09955501556
-0.1914674,0.769418001175
-0.32749552,1.25443041325
-0.082591034,1.49632096291
0.021362374,0.718636989594
-0.44998673,0.890201985836
-0.34357947,0.989175975323
-0.23737048,2.84901452065
0.8314387,4.28107500076
1.5970592,1.24873900414
-0.13492192,0.70965898037
-0.22085609,0.7497439980509999
0.07741472,0.8907449841499999
0.059239563,1.46952795982
0.022328325,1.60888803005
0.08096501,1.04346096516
-0.22377259,1.18475103378
-0.16279727,0.506372511387
-0.5186998,0.694615602493
-0.4313981,0.929911017418
-0.3518714,0.775462985039
-0.4759234,0.856469631195
-0.4863201,0.926900982857
-0.42555663,0.7506660223010001
-0.5159206,0.9248849749570002
-0.43567878,1.07016265392
-0.32961383,0.8752880096439999
-0.44287428,0.7511039972310001
-0.5187388,0.8627579808239999
-0.417607,0.509657025337
-0.62885904,0.8495249748229999
-0.45724833,0.671136975288
-0.57206446,0.613218009472
-0.61624914,0.381054997444
-0.77484155,0.871042013168
-0.46350497,0.654031991959
-0.6239039,0.9089673757549999
-0.49673882,0.9709029793739999
-0.43863934,0.9856920242310001
-0.39253968,1.35625624657
-0.16847944,1.30987298489
-0.16157882,0.634491980076
-0.530964,0.593350827694
-0.5184575,0.879638016224
-0.31296727,1.13183641434
-0.2282685,1.84127402306
0.1189727,2.26174592972
0.39829898,2.5979759693099997
0.66281056,2.3991920948
0.6328881,1.98229801655
0.52334404,2.2695479393
0.79444444,2.0178899765000002
0.67600685,1.45226204395
0.31150392,1.34279799461
0.23193827,1.3119150400200001
0.21201763,1.2767620086700002
0.091868415,1.2752670049700001
-0.006734975,1.2104460001000001
-0.068198346,0.815348029137
-0.33100006,0.72711199522
-0.4108894,0.604301989079
-0.50677454,0.9830358624459999
-0.33090687,1.10152900219
-0.3236927,1.1837249994299999
-0.29397696,0.435640007257
-0.72444594,0.327004015446
-0.74017745,0.803984999657
-0.4477803,0.421685993671
-0.7391115,0.573455989361
-0.7212634,0.39594578743000003
-0.8057283,0.416375011206
-0.7724945,0.560397028923
-0.7392369,0.774905025959
-0.6101145,0.637084007263
-0.69580466,0.383926004171
-0.83477974,0.564873993397
-0.68526727,1.05471503735
-0.38707274,0.6537709832190001
-0.65840703,0.593102991581
-0.68700093,1.02260899544
-0.3651202,0.8359869718549999
-0.46116635,0.637534022331
-0.62245667,0.9755985140799999
-0.38205487,0.48980799317400003
-0.63290757,1.0986479520799999
-0.3080138,1.1511659622200001
-0.2814128,0.8061249852179999
-0.4702209,0.47447699308399993
-0.6707763,0.789602994919
-0.417646,0.476253002882
-0.62952507,0.545522987843
-0.66132355,0.6212809681889999
-0.6194012,0.7707700133319999
-0.5267155,0.933706998825
-0.47103602,0.8110550045970001
-0.53666484,0.600552976131
-0.6280168,1.00252103806
-0.36367637,0.8921650052069998
-0.42348915,0.9160850048070001
-0.428163,0.741342008114
-0.51704586,0.9283249974250001
-0.363856,0.642940998077
-0.55209637,0.9950090050700001
-0.35340506,0.627136588097
-0.57397604,1.0386890173
-0.32785308,0.6888009905820001
-0.5480258,0.5214130282399999
-0.63653415,0.651027023792
-0.56598914,1.1597019434
-0.25874513,0.645640015602
-0.61318016,1.19586265087
-0.2888693,1.30470395088
-0.16680343,0.8844429850579999
-0.40370068,0.7697709798810001
-0.4760183,0.770210027695
-0.40339226,0.641828000546
-0.49374777,0.893715977669
-0.41284165,0.5247250199319999
-0.6386355,0.514221012592
-0.6527554,0.717274844646
-0.5463939,0.641076982021
-0.60375786,0.4689820110800001
-0.7471933,1.2037500143100002
-0.2962834,0.7911959886550001
-0.52902704,1.13630115986
-0.3382447,0.8642929792399999
-0.4607766,0.8814030289650001
-0.38701174,0.58174097538
-0.58496076,0.865119993687
-0.3986879,0.907812476158
-0.39062813,0.7377740144730001
-0.5237414,1.1203750371899999
-0.2953327,0.9422479867940001
-0.3803636,1.06006002426
-0.3116878,0.715842008591
-0.5120093,0.404020994902
-0.65797323,0.29207798838599996
-0.7383099,0.631792426109
-0.5637369,1.12466526031
-0.3345673,1.11569094658
-0.39118567,1.24741899967
-0.28600872,0.697616994381
-0.54222333,3.69397497177
1.301927,0.820483982563
-0.4181052,0.85730701685
-0.3342233,0.690235972404
-0.26329866,0.8385969996449999
-0.08739538,1.28772699833
-0.13941784,0.9632229804989998
-0.3605243,1.34329998493
-0.06985402,0.7316169738770001
-0.4740881,0.6809219717980001
-0.4726002,0.701478421688
-0.4782722,0.669803023338
-0.5062933,1.36564302444
-0.15497644,0.9781420230869999
-0.40699,0.67867898941
-0.5646046,0.597633004189
-0.5767214,0.819377481937
-0.40472764,0.791110992432
-0.49207345,1.0441473722499999
-0.3765964,1.4000159502
-0.13976185,0.874862015247
-0.4399527,0.622817993164
-0.5664145,0.7164059877399999
-0.45648912,0.6523500084880001
-0.4980149,0.9379299879069999
-0.40647653,0.593699991703
-0.63082486,0.539344012737
-0.6477053,0.9370089769359999
-0.41587168,0.808772027493
-0.5013161,0.56542801857
-0.67893946,0.602082014084
-0.6294115,1.14667999744
-0.26863343,0.9824249744419999
-0.41159946,0.567151010036
-0.67105085,0.786639988422
-0.47644028,0.7388439774510001
-0.47035646,0.681029975414
-0.5600324,0.708697974682
-0.5681786,0.6642330288889999
-0.56348103,0.512479007244
-0.6713355,0.604038000107
-0.63237375,0.672879993916
-0.5909378,0.8265414834020001
-0.5189642,0.454686015844
-0.75208575,0.559450984001
-0.6672887,0.133221805096
-0.9098936,0.163306996226
-0.9071499,0.17978604137899998
-0.9371995,0.57479184866
-0.7281996,0.8508148789409999
-0.61132956,0.852764010429
-0.6111296,1.6876280307799998
-0.0664054,2.1495220661200003
0.26902744,0.812285006046
-0.4715444,1.2396399974799999
-0.109815635,2.12843728065
0.5504161,2.1392390728
0.51133066,0.9779880046840002
-0.26881984,0.6937779784199999
-0.28133994,0.721879005432
-0.17800678,0.7631160020829999
-0.29885927,0.856532990932
-0.39272273,1.1093380451200001
-0.26213443,0.647634029388
-0.54830205,0.9241870045659999
-0.40268728,0.7877320051189999
-0.47197995,1.3055670261399999
-0.16836421,0.910771012306
-0.43489754,0.869964003563
-0.42419413,0.574302017689
-0.57067317,0.859953224659
-0.38604409,0.47758498787899994
-0.66192853,1.1080174446100002
-0.31218094,1.29072499275
-0.2117575,0.859157979488
-0.47280017,0.305898010731
-0.7852552,0.903901994228
-0.35071227,0.635275006294
-0.5342059,1.0234229564700001
-0.39495796,0.673066973686
-0.6058592,0.850479006767
-0.4466381,0.51419699192
-0.6643587,1.52795660496
-0.05238893,4.09438562393
1.4591451,0.9952359795569999
-0.3918347,0.8670449852940001
-0.3287682,1.14105606079
0.12155026,1.6222579479199999
0.43510175,1.9802049398400003
0.29404223,1.3755470514300001
-0.02319853,1.8518650531799998
0.39318958,1.42092394829
0.11805928,1.5891779661200003
0.2166525,1.67319941521
0.24255866,2.12393403053
0.54193777,1.64840197563
0.22983351,1.2047419548
-0.014016899,0.792083978653
-0.20713787,1.22702741623
0.041681264,1.2269510030700002
-0.06124688,1.13134396076
-0.20158279,1.25246500969
-0.13577941,1.1168919801700001
-0.1920097,1.1223870515799999
-0.209568,1.0401530265799999
-0.27061617,0.809131026268
-0.39424112,0.7681059837340001
-0.43463826,0.7982919812199999
-0.43154383,0.766672253609
-0.48063454,1.05736005306
-0.34228477,0.8607699871060001
-0.4662859,1.0707770586
-0.33706522,0.53015100956
-0.64783406,0.660418987274
-0.5462583,0.990917980671
-0.35984984,0.356153011322
-0.7607793,0.961823999882
-0.4310151,1.24482905865
-0.23985654,0.8381230235100001
-0.48752162,0.9245989918709999
-0.45666197,0.8131660223010001
-0.43006948,1.00306105614
-0.30720034,0.875234007835
-0.43604314,0.7991399765009999
-0.4586803,0.881296157837
-0.40108582,1.06308019161
-0.29537168,0.9057049751280001
-0.4071747,0.690955996513
-0.53451943,1.3559700250600002
-0.10877851,0.757239997387
-0.47118515,2.04375457764
0.2762314,0.8576130270960001
-0.41110292,2.36495709419
0.5491282,4.17923116684
1.6459297,2.23356199265
0.55358344,0.8013390302660001
-0.22373869,0.83728402853
0.09896562,0.8851529955859999
0.17121376,0.9040349721909999
-0.1919487,1.30293953419
-0.08290116,0.722869992256
-0.40751705,0.800912022591
-0.42030826,1.03291928768
-0.30384663,1.3216282129299999
-0.14021602,0.93677598238
-0.42537698,0.700770020485
-0.5282153,0.762431979179
-0.4358313,1.14493894577
-0.2277296,0.772161006927
-0.51102304,0.8772150278090001
-0.45284224,1.2435050010700002
-0.19522446,0.638184010983
-0.55744976,0.746819972992
-0.5180745,0.683992981911
-0.51910996,1.4195051193200001
-0.08001177,0.614147007465
-0.63428533,0.7347676754000001
-0.532962,0.6770560145379999
-0.5170577,1.07402694225
-0.2811722,0.615638971329
-0.63383627,0.9692379832269999
-0.40367696,0.9916120171549999
-0.3557725,0.808956027031
-0.4746287,2.4351439476
0.48333326,0.822347998619
-0.44642457,0.593822002411
-0.5398237,0.576224982738
-0.4615663,0.42242398858099994
-0.50608486,0.676587998867
-0.55575514,0.552034974098
-0.6704933,0.9015229940410001
-0.4435606,0.748996019363
-0.58569455,0.8627583980560001
-0.5007704,0.9480749964709999
-0.43571776,1.05561387539
-0.3440777,1.9700200557700003
0.2072692,0.9391199946400001
-0.3879794,1.00904297829
-0.28843376,0.7824029922490001
-0.34861428,1.01626503468
-0.18711045,0.878274977207
-0.38063475,0.735361993313
-0.4715868,1.1099909544
-0.23859063,0.772719979286
-0.4639761,1.16498196125
-0.2495957,0.715721011162
-0.51635784,1.47547900677
-0.034400187,0.835452020168
-0.43600586,0.734466016293
-0.47545907,0.786192774773
-0.42893407,1.14346504211
-0.19722076,0.924699008465
-0.40076894,2.95876455307
0.80267537,2.13832402229
0.35593435,2.03871202469
0.35012168,1.4802099466299998
0.16833454,0.9367650747299999
0.01636145,1.71593976021
0.39288285,1.00140202045
-0.10926657,0.889622986317
-0.22489953,0.749293982983
-0.3506326,1.1151839494700002
-0.12667404,0.9457820057870001
-0.34888035,0.645218014717
-0.56613654,1.16484200954
-0.22802785,1.2443510294
-0.18678679,0.9045109748839999
-0.42927468,0.5575259923929999
-0.62176186,0.577834367752
-0.5382392,0.719983577728
-0.48559818,0.76077902317
-0.5375698,0.540440022945
-0.69260514,0.8009672760959999
-0.5225501,0.771014988422
-0.5384307,0.670971989632
-0.6160966,2.7689704895
0.6378331,3.08613300323
0.8492445,1.11635804176
-0.2882643,1.01826095581
-0.14420184,0.744261026382
-0.05889809,1.1143867969499999
0.034068882,1.3805164098700002
-0.04030436,1.22909843922
-0.11644512,1.57323896885
0.084078096,1.24559795856
-0.11215595,0.829861998558
-0.33898017,0.537698030472
-0.50851667,0.8593800067899999
-0.3028417,0.794964790344
-0.41978464,0.812288999557
-0.48507282,1.20946097374
-0.25245288,1.04361104965
-0.33810914,0.9914460182189999
-0.37845033,1.37764596939
-0.117106035,0.7495359778399999
-0.45279986,0.754966974258
-0.45922938,0.852221012115
-0.3805212,1.31262803078
-0.10768546,0.949999988079
-0.40051135,0.8433979749680001
-0.4461331,0.632993996143
-0.51891845,0.6848490238189999
-0.48589304,0.829603970051
-0.45277953,1.11777603626
-0.30900007,1.0605150461200001
-0.3524764,0.9966710209849998
-0.37753862,0.6726049780850001
-0.53200114,0.84998100996
-0.39924204,0.792970001698
-0.44672793,0.7509549856190001
-0.49865887,0.9556260704989998
-0.39180592,0.6085839867589999
-0.59070903,0.778249979019
-0.49737602,0.509814023972
-0.66059655,0.636431992054
-0.5837389,0.6015599966049999
-0.63678837,0.65563338995
-0.6088672,0.638554990292
-0.6361901,0.8762890100480001
-0.49198192,0.7967479825020001
-0.53605986,0.682483017445
-0.60005844,0.802550017834
-0.5041343,0.795031189919
-0.48990598,1.58489704132
-0.030609248,1.0174859762200001
-0.37331554,0.917778015137
-0.39211094,1.2302210331
-0.14511187,1.0278990268700001
-0.22965981,0.9125559926029998
-0.35679945,0.793597996235
-0.41202143,1.0304379463200002
-0.23757215,0.532537996769
-0.5902972,0.612778007984
-0.5636607,0.874128997326
-0.40657142,0.366723001003
-0.738093,0.7391750216480001
-0.563359,0.560423016548
-0.65615314,0.775817811489
-0.53257394,0.8102909922600001
-0.5547451,0.6437510252
-0.6215127,0.723645746708
-0.5662874,0.9113870263100001
-0.4411203,0.662783026695
-0.5879366,1.0020359754600001
-0.3939632,0.8224419951440001
-0.47482526,1.0305769443500001
-0.34182212,0.678113996983
-0.55695665,0.533345997334
-0.61102456,0.320995986462
-0.74059093,0.7608630061149999
-0.49409518,0.7439860105509999
-0.5573888,0.546840012074
-0.71027017,0.7004669904709999
-0.60123116,0.8356525897980001
-0.48847738,1.27425897121
-0.24638095,0.893445014954
-0.48320532,0.621165990829
-0.5908361,0.790015995502
-0.43896303,1.06749498844
-0.26510856,0.66980099678
-0.5612,1.26569497585
-0.20878507,0.638062000275
-0.5423758,0.9348030090330001
-0.36552522,0.8006410002709999
-0.45724154,1.08570897579
-0.26391554,0.352703988552
-0.7444141,0.588370978832
-0.5833966,0.48754200339299997
-0.63700867,0.46368801593799996
-0.6987567,0.363703995943
-0.81788576,0.875024318695
-0.50252265,0.6435279846190001
-0.6572699,0.4834130108359999
-0.77355194,0.212089002132
-0.89794624,0.45604699850100006
-0.71815544,0.43679100275
-0.7758448,0.723880410194
-0.6428772,0.556069016457
-0.74223137,0.474842995405
-0.76616496,0.267464011908
-0.8731416,0.958843708038
-0.44703296,0.78689801693
-0.5745607,1.7943609952900001
0.016325863,1.33767795563
-0.21658556,1.2104539871200002
-0.20664473,0.56547999382
-0.52288735,0.40084299445200006
-0.54223347,0.272765487432
-0.67048144,0.583644986153
-0.5644419,0.853380262852
-0.47873312,0.866061031818
-0.5211232,1.15834999084
-0.34125778,0.7764859795569999
-0.5314674,1.06880700588
-0.3188816,0.5888479948040001
-0.5842592,1.5888684988
0.034051936,0.432785987854
-0.6783616,0.399603009224
-0.6807002,0.554534971714
-0.5694818,0.6221979856490001
-0.5335145,1.14955198765
-0.34535885,1.12126004696
-0.36940938,0.9776459932329999
-0.4008418,1.73274195194
0.07500153,2.30270791054
0.47085893,1.05347704887
-0.2654424,0.796280026436
-0.33756685,0.520332992077
-0.36901283,0.610480010509
-0.36387295,0.445305794477
-0.63720864,0.652213871479
-0.55472815,1.17554116249
-0.27275652,1.0322021246
-0.40680528,0.7193930149079999
-0.59418815,0.820013999939
-0.47088182,0.9497330188750001
-0.34787712,1.0391149520899998
-0.3362552,0.58838301897
-0.620401,0.950855970383
-0.3630239,0.527760028839
-0.6095248,0.773606300354
-0.49124983,0.970355987549
-0.39905733,1.38388991356
-0.14311218,0.779523015022
-0.52725613,0.606999993324
-0.58357114,0.466057002544
-0.60820633,0.945527017117
-0.3400902,0.623872995377
-0.6132191,0.39232400059699996
-0.76984406,0.5156549811360001
-0.66973746,0.967938542366
-0.39956743,1.3565659523
-0.2298208,0.9072690010069999
-0.5083302,0.816276013851
-0.48423228,2.47986698151
0.58115715,1.1330800056499999
-0.22642641,1.04558396339
-0.28320238,0.847437024117
-0.270101,1.5365229845
0.22064172,0.900898993015
-0.335518,0.48120099306100006
-0.59827566,0.85725402832
-0.31118786,0.861747980118
-0.34225935,1.0086940527
-0.36335608,1.12772703171
-0.31543976,0.77955698967
-0.46665704,0.989550292492
-0.3427118,0.8363329768179999
-0.42333323,0.9099559783939998
-0.3796637,0.551105976105
-0.6170219,1.23976433277
-0.18864581,1.21183896065
-0.2257011,1.37998199463
-0.1441849,1.14846098423
-0.25588116,0.766390025616
-0.40519705,0.9660840034479998
-0.2706077,0.815675020218
-0.37534744,1.1422729492200001
-0.21720919,1.2994799614
-0.15674905,0.858331024647
-0.40571392,0.714946985245
-0.48282743,0.8764400482179999
-0.35309157,0.830546021461
-0.40021986,0.853524029255
-0.44926143,0.909241020679
-0.41248745,0.520272016525
-0.6311892,0.741104006767
-0.5120517,0.585331976414
-0.6104365,0.504777014256
-0.67865646,0.5519493222240001
-0.68020195,0.969752013683
-0.42269772,1.11651599407
-0.36197153,1.0498449802399998
-0.40873888,0.634262979031
-0.60291564,0.5644329786300001
-0.58335257,0.9184709787369999
-0.36565572,0.9593539834020001
-0.3834106,0.598415970802
-0.6340837,0.9383450150489999
-0.40284318,0.45422500371900004
-0.6622268,0.7079470157619999
-0.53980505,0.38765001296999996
-0.7534991,0.448433995247
-0.7074842,0.840570986271
-0.5139548,0.533711016178
-0.70987874,0.721135020256
-0.6127751,0.521538615227
-0.7102956,0.705075979233
-0.5718187,0.640564978123
-0.63932353,0.516858994961
-0.7014851,1.66040945053
-0.013989785,2.46530795097
0.46641046,1.62215602398
-0.026784414,1.8662700653100002
0.23172474,3.62353610992
1.4776862,0.794870972633
-0.1817418,0.906598985195
-0.12349318,0.8571879863740001
0.012658635,0.775637984276
-0.07299591,0.700670003891
-0.45955476,0.6443409919740001
-0.49560848,0.7579550147059999
-0.42436188,0.549960017204
-0.65749025,0.49646699428599994
-0.7041288,1.36767756939
-0.18978293,1.3978940248500002
-0.18772222,0.814813017845
-0.5481936,1.27889895439
-0.19213511,0.862398028374
-0.34498096,1.09386599064
-0.24154271,0.813471019268
-0.43621767,1.46668708324
-0.00066472765,0.9060310125350001
-0.3723191,0.7652140259739999
-0.45460466,1.3110339641600002
-0.10062215,0.789250016212
-0.40525806,1.47490203381
-0.05160261,0.9167850017550002
-0.37269193,1.18614006042
-0.16498338,1.4113919735
-0.054815672,2.09247207642
0.38268104,0.718922019005
-0.45933273,1.3018610477399999
-0.048604768,1.26897478104
0.008520292,1.2219970226299999
-0.06549199,0.906111001968
-0.3485448,1.0788739919700001
-0.17732383,1.0280250310899999
-0.21323015,0.7863690257070001
-0.42655817,1.27685296535
-0.14071594,0.709342002869
-0.4775096,0.520192980766
-0.610167,0.564561009407
-0.58747226,0.9855200052259999
-0.33342004,1.09284198284
-0.35619277,0.47868999838799997
-0.7412603,0.39550599455799995
-0.73280907,1.85070300102
0.1667009,1.1957960128799998
-0.2779981,1.70251083374
-0.0129560465,2.9983510971099996
0.88016677,2.40708088875
0.6468622,2.5859439372999997
0.7531763,2.23383903503
0.72177607,1.65577304363
0.5280619,1.4306110143700002
0.33398518,0.8921740055080001
0.009809923,1.23169696331
0.14410271,0.895507991314
-0.18608858,1.60203301907
0.15612796,1.58539903164
0.077431664,1.2320599556
-0.1390179,1.21037101746
-0.13666742,1.24214100838
-0.0602894,0.9857040047650001
-0.23650451,0.728968977928
-0.43571436,0.6761519908910001
-0.45377597,1.07157301903
-0.24748756,0.9457439780239999
-0.39162457,0.43763700127599997
-0.7251916,0.514182031155
-0.6528503,0.338719010353
-0.74401754,0.714428007603
-0.5840016,0.499619990587
-0.7704168,0.79173797369
-0.586874,0.864624321461
-0.54125565,0.602496027946
-0.68080866,1.2600699663200001
-0.2767017,1.01233994961
-0.39227533,1.00452899933
-0.3813516,0.631023526192
-0.5789329,1.1412210464499999
-0.20670065,0.542609989643
-0.59675556,0.854745984077
-0.4339587,0.7744219899179999
-0.47526756,0.308434009552
-0.75232977,0.837620973587
-0.4775113,0.7293469905850001
-0.5376833,0.7503905892370001
-0.5550823,1.13482201099
-0.34952432,1.61424005032
-0.0069823945,1.2447930574400001
-0.23277627,0.714163005352
-0.5066356,0.729304015636
-0.395263,0.648698985577
-0.43055245,0.342799007893
-0.6981924,0.386186003685
-0.72330207,0.636629998684
-0.5825696,0.39904800057400003
-0.78200316,0.417885988951
-0.8154454,1.10379052162
-0.38672873,0.695618987083
-0.6314807,0.8070139884950001
-0.5803547,0.594769001007
-0.6472172,1.1076079607
-0.28612566,0.971358001232
-0.41169098,0.717034995556
-0.5531301,0.67648100853
-0.5372597,1.6877729892700002
0.09816066,0.990756988525
-0.3570079,0.808203995228
-0.47669107,1.08771896362
-0.2217407,1.5648180246399999
0.10685593,0.667380988598
-0.52474636,1.2564899921400001
-0.15188709,1.09188604355
-0.17329903,0.737550973892
-0.41923386,0.6224380135540001
-0.5424063,0.8364729881290001
-0.36364585,0.577426016331
-0.5661518,1.0157610178
-0.37597954,1.10615897179
-0.3125453,0.6945540308949999
-0.5580632,1.13090395927
-0.29306185,0.951821982861
-0.3539016,0.752457022667
-0.48201907,0.558522999287
-0.611272,1.4158363342299998
-0.056627255,1.8552980423
0.1604544,0.7845479846
-0.51366335,0.8210539817810001
-0.4095913,0.583589017391
-0.43958327,0.835972011089
-0.33445886,2.18466305733
0.3456766,0.680548012257
-0.55222684,1.238904953
-0.18341611,1.03032803535
-0.22058155,0.791410982609
-0.32916814,0.842372000217
-0.42256895,0.446471005678
-0.6116363,0.558933794498
-0.5588462,0.709932982922
-0.54448056,0.7334340214730001
-0.54984415,0.7833399772640001
-0.5630455,0.842680990696
-0.51031977,1.09976100922
-0.33686525,0.8706315755840001
-0.47432533,0.586246013641
-0.6194368,0.8863990306849999
-0.40550548,1.0193990469
-0.32128292,0.849361002445
-0.4655284,1.0106669664399999
-0.3682926,1.33151602745
-0.12891437,1.2150089740799999
-0.20228438,1.64559102058
0.053781085,0.970878005028
-0.29440063,1.4112720489500001
0.01397538,0.7953929901119999
-0.34424886,1.04633104801
-0.18684779,0.887933969498
-0.32384014,0.8349300026890001
-0.3610005,0.9847199916839999
-0.31683275,1.09039402008
-0.26415616,0.490164995193
-0.6371307,0.6141669750209999
-0.5689429,0.631474018097
-0.53989655,0.825244009495
-0.47024292,1.05145096779
-0.39563245,1.0471149683
-0.378713,0.39214301109300004
-0.7461816,0.46951499581300005
-0.66804284,0.772090017796
-0.4691702,0.7520099878309999
-0.53803754,0.687739372253
-0.6325466,0.6718119978899999
-0.60324436,1.18593323231
-0.26803523,0.657198011875
-0.6104687,0.8213180303569999
-0.5015178,0.7795739769939999
-0.4828596,1.03012299538
-0.31756485,0.621188998222
-0.6084385,0.8660820126530001
-0.43839023,0.9608931541440001
-0.3611954,0.6760399937630001
-0.5491375,0.740238010883
-0.5263834,0.598470985889
-0.58198327,0.615105986595
-0.5795819,0.935873568058
-0.42849007,0.58182477951
-0.6417486,0.715665996075
-0.56807864,0.6529520154
-0.5911124,0.9700022935870001
-0.39258716,0.7834500074390001
-0.5377138,0.744813024998
-0.54192674,0.8276180028919999
-0.46593004,0.8943400979039999
-0.41615978,2.50501704216
0.52762306,1.62071204185
-0.0018492901,1.41758596897
-0.05789994,1.04987204075
-0.13937546,1.22650754452
0.0752964,1.0431790351899999
-0.14982639,0.9694439768790001
-0.23988535,0.819225013256
-0.32564157,0.8129550218580001
-0.36125132,0.671208024025
-0.49054995,0.528989970684
-0.61308354,0.346193015575
-0.7440057,0.478949010372
-0.6913562,1.15381097794
-0.32878855,0.9671270251270002
-0.48186824,0.784583985806
-0.58732986,0.470185995102
-0.70534724,0.563278257847
-0.59192747,0.241623997688
-0.8275673,0.270985990763
-0.8480573,0.199468001723
-0.90989184,0.132716998458
-0.97819656,0.4732620120049999
-0.81967866,0.6585559844969999
-0.7267151,0.9621880054470001
-0.55301315,0.511197984219
-0.80423874,0.9829789996150001
-0.4530066,0.910009980202
-0.45438945,1.0265760421799999
-0.37369853,0.830938994884
-0.48472542,0.9651920199390001
-0.34440476,1.00054395199
-0.31516522,1.98318505287
0.26228613,1.27485501766
-0.15969776,1.28652596474
-0.1101444,1.3822449445700002
0.03125237,1.73692405224
0.29004455,1.25766801834
-0.06620035,0.7533379793170001
-0.34415564,1.0849089622499999
-0.08873924,1.06249403954
-0.14014654,0.778762996197
-0.4065443,0.825646996498
-0.40906087,0.989183008671
-0.28268042,1.41809201241
-0.07473632,1.15167796612
-0.27603737,1.25036406517
-0.17934217,0.879401981831
-0.35035807,1.0894230604200001
-0.20078461,1.8090629577599997
0.20452556,0.868739008904
-0.37204626,0.8521729707719999
-0.37493563,1.3078379631000001
-0.04098391,1.2625759840000002
-0.07193845,0.760155975819
-0.47927374,1.06988704205
-0.24803492,0.8579840064049999
-0.32520095,1.14932394028
-0.22070865,1.06714296341
-0.30441096,0.740061998367
-0.4679094,0.679988026619
-0.50554764,0.7323921322820001
-0.4682585,0.835274994373
-0.439568,0.600082993507
-0.62891835,1.0105639696100002
-0.37718782,0.761397004128
-0.52320594,0.726006984711
-0.55324537,1.06432402134
-0.34536055,0.5901079773899999
-0.6036274,0.774465978146
-0.5109485,0.7406870126719999
-0.51922685,0.8908360004429999
-0.4188729,0.7620100975040001
-0.540593,0.777450025082
-0.5101503,0.581107020378
-0.6126768,0.7908779978749999
-0.49213105,0.890371978283
-0.44487736,0.788205981255
-0.5185931,0.730194985867
-0.55038476,0.9248933196069999
-0.4064223,1.26558697224
-0.2015472,0.7884140014650001
-0.50339544,0.91806101799
-0.3976643,0.656926989555
-0.5072677,0.825268030167
-0.40773565,0.42572298645999995
-0.694937,0.9114630222319999
-0.40386674,0.7238519787790001
-0.53663605,0.9657319784160001
-0.41405162,0.719420015812
-0.56655174,0.714648008347
-0.53225195,0.618879973888
-0.58911943,0.850296974182
-0.45337942,0.611301481724
-0.61455786,0.840580999851
-0.48603877,0.590990006924
-0.62663907,1.1918078661
-0.26399007,1.07247805595
-0.3493769,0.7976800203319999
-0.49799794,0.714037001133
-0.51501906,0.8885610103610001
-0.3620546,0.736729025841
-0.48532704,0.9655410051350001
-0.3874303,0.856945991516
-0.43642104,0.583833992481
-0.59482366,3.0475621223400005
0.8696464,0.8865389823909999
-0.42171654,1.1864609718299999
-0.20945784,0.87507301569
-0.2474096,1.11197304726
-0.0016035654,0.692927002907
-0.47419146,0.563274979591
-0.5435485,0.551968991756
-0.5211384,0.921135008335
-0.381416,0.546503007412
-0.66581947,0.9997850060460001
-0.41507688,0.75122398138
-0.54057103,0.840256989002
-0.481692,0.784314990044
-0.5236194,0.591548025608
-0.6051085,0.610984027386
-0.6025479,0.9328789711000001
-0.41712064,0.799202024937
-0.5104096,0.983354985714
-0.42014727,0.54052901268
-0.6549991,1.0936700105700001
-0.2946955,0.926633000374
-0.4072374,0.797241985798
-0.48792154,0.589605987072
-0.6051441,0.7799540162090001
-0.44812262,0.518279016018
-0.6359732,0.7263879776000001
-0.55083215,0.621636688709
-0.6141461,0.881067991257
-0.46430993,0.731501698494
-0.57349306,0.970385015011
-0.41591066,0.871535003185
-0.46220687,0.5505740046500001
-0.63609016,0.257629990578
-0.799209,0.6952109932899999
-0.5252581,0.35474300384499996
-0.7712557,1.30835092068
-0.25925863,1.42471003532
-0.19288583,2.4222431182900004
0.435117,1.58809316158
-0.022224104,2.8828899860400004
0.8961999,1.51081001759
0.18429987,0.5103110075
-0.33332852,0.663749992847
-0.20498735,0.586565971375
-0.24340683,0.9182999730109999
-0.2705823,1.1263630390200001
-0.28622225,0.9455379843709999
-0.36760455,0.7979699969290001
-0.4827935,0.88952600956
-0.40533262,0.501745998859
-0.62842184,0.788908004761
-0.48646754,0.557146012783
-0.63379896,0.8079270124439999
-0.4985267,0.7382910251620001
-0.5716289,0.6742079854009999
-0.598235,0.878771364689
-0.47897038,0.7401880025859999
-0.55055594,0.8886500000949998
-0.46104264,0.798327028751
-0.5107485,0.513779997826
-0.6579257,0.776037275791
-0.50380045,0.852828025818
-0.45622644,0.785162985325
-0.5219468,0.8431609869
-0.497637,1.02479887009
-0.35086817,0.8044279813770001
-0.48157167,0.8841310143469999
-0.43616006,0.36156499385799995
-0.7209448,1.1714910268799998
-0.22840068,0.44779101014100003
-0.69414896,0.766573011875
-0.52020466,0.773559987545
-0.51529187,1.05482304096
-0.3218896,0.784330010414
-0.53724784,1.0342509746600002
-0.35588095,1.09697902203
-0.27792862,0.7633029818529999
-0.48135138,0.5883730053899999
-0.5791515,0.636563003063
-0.520164,0.575070023537
-0.57716703,0.539964020252
-0.65916455,1.32467114925
-0.20414002,0.817846000195
-0.5153529,0.635960996151
-0.62676954,0.813592016697
-0.46650282,0.987214028835
-0.3202831,0.983928978443
-0.39131784,0.590479016304
-0.6252681,0.898679018021
-0.3843003,0.626800000668
-0.5513016,0.692685008049
-0.54369426,0.575704991817
-0.6318586,0.676468014717
-0.5572345,0.827947020531
-0.49775732,0.654785990715
-0.61469346,1.0858155489
-0.350514,0.8509550094600001
-0.47850436,0.887935996056
-0.4415406,0.6557850241659999
-0.566062,0.659780979156
-0.5287203,0.885627985001
-0.41596487,0.750299990177
-0.5184287,0.930316030979
-0.42187414,0.7259460091590001
-0.53503966,0.7123904824259999
-0.52509373,0.9326570034029998
-0.40211278,0.654497027397
-0.5663721,0.498726993799
-0.6720032,0.9782410264020002
-0.3759287,0.559324026108
-0.6290489,0.8733990192409999
-0.48120224,0.6232500076290001
-0.61624575,0.631924986839
-0.5826154,0.833535015583
-0.493319,0.861343026161
-0.46715865,1.03601300716
-0.37426963,0.6160370111469999
-0.6166559,0.987452983856
-0.35433713,0.668673992157
-0.54091674,0.645533978939
-0.56094074,1.00703001022
-0.35908216,0.7763000130650001
-0.48616418,0.9358490109440001
-0.41777137,0.6626719832419999
-0.56784815,1.11335194111
-0.264551,0.54953199625
-0.6287625,0.927363276482
-0.39631706,0.821533024311
-0.45409796,0.919354021549
-0.39369884,0.6899859905239999
-0.55965793,0.649773895741
-0.5543875,0.970504999161
-0.36000067,0.8034440279009999
-0.4864133,0.8920990228650001
-0.4460975,0.746227025986
-0.51631206,1.4954074621200002
-0.04296496,0.7597569823270001
-0.50490874,0.967728018761
-0.3627443,1.12601101398
-0.22312184,0.764141976833
-0.4200473,1.42381894588
-0.080879435,0.830919027328
-0.41052675,0.531687021255
-0.5703512,0.694292008877
-0.48515925,1.09710001945
-0.2255079,0.86237102747
-0.45725173,0.971195995808
-0.41370252,0.750190496445
-0.48373237,0.565989017487
-0.5837355,0.7235890030859999
-0.5155003,1.0888769626600001
-0.30355853,0.261454999447
-0.82998216,0.192316800356
-0.8745583,0.204839006066
-0.8328936,0.375299990177
-0.7743586,0.18789100647
-0.99461097,0.417883992195
-0.8593895,0.612834990025
-0.72855043,0.48221001029
-0.82427967,0.813664972782
-0.62118226,0.899798989296
-0.5256361,0.766745984554
-0.5789498,0.6762999892229999
-0.6134445,0.9804093837740001
-0.37585753,1.07553303242
-0.31451786,0.645973980427
-0.5874401,0.76016998291
-0.48662174,0.8707180023190001
-0.38377663,1.04555702209
-0.30846965,0.483233988285
-0.6832574,1.08598899841
-0.28691536,0.7320979833600001
-0.48512876,0.712899029255
-0.52493787,1.0453890562100001
-0.33962923,0.735920011997
-0.48879936,0.8956930041310001
-0.4240992,0.874550998211
-0.4299373,0.923747003078
-0.3723733,0.9997780323030001
-0.35746038,1.73953402042
0.101761796,0.810788989067
-0.44422492,0.7049050331119999
-0.48118362,0.832826972008
-0.34073246,0.827660024166
-0.34549272,0.8953109979629998
-0.41574627,1.45950102806
-0.08042696,1.17951905727
-0.22316928,1.4434119463
-0.0743296,1.30673503876
-0.1046283,0.763499975204
-0.37669468,1.1451480388600002
-0.15167187,0.725345015526
-0.39267018,0.76335901022
-0.4112012,0.61748200655
-0.5456601,1.02932298183
-0.29236704,1.30205595493
-0.18900678,3.16412496567
0.90262604,0.9734439849850001
-0.3777996,1.2296710014299999
-0.10978005,0.744153022766
-0.23587918,1.0630340576200001
-0.01638772,1.1238720417
-0.19864257,0.898477017879
-0.3369195,0.7175139784810001
-0.4367142,0.536750972271
-0.5750369,1.17544305325
-0.20800383,1.10104894638
-0.31668025,0.573449015617
-0.6497948,1.4311449527700002
-0.10008325,1.0377949476200001
-0.29077578,0.656862020493
-0.55652785,1.0749080181100001
-0.29426336,1.3859720230099999
-0.03837754,1.0048049688299998
-0.33944112,1.6095399856600001
0.014094006,2.8175759315499995
0.8219249,1.96256256104
0.31248343,1.27975201607
-0.055157993,1.9953299760799998
0.5564474,2.03338599205
0.6388363,1.3074439764
0.061229087,1.61125802994
0.25284013,2.04021811485
0.6000932,2.18324494362
0.5984087,1.35141599178
0.035402574,0.7242180109020001
-0.24425755,1.3633890152
0.18104444,1.52680897713
0.18283062,1.7840195894199997
0.20322576,1.10359704494
-0.21259804,1.76300799847
0.2704374,1.15754902363
-0.09193366,1.15332603455
-0.12217644,2.3628110885599996
0.5897304,2.58078789711
0.7380295,1.24214696884
-0.099795155,1.7128210067700003
0.2872687,0.6676509976389999
-0.1882713,0.8271329998970001
-0.18379572,0.9642647504809999
-0.22986995,1.3941617012
0.011701155,0.758404970169
-0.48248848,0.690075993538
-0.5268409,0.674024999142
-0.49035844,0.861522018909
-0.41720706,0.790746986866
-0.5339093,0.728500008583
-0.5730016,0.24119800329199997
-0.84191424,0.335460007191
-0.7865719,0.591246008873
-0.6583918,1.0584269762
-0.42897642,0.766991972923
-0.642723,0.588123977184
-0.7072486,0.5922303199769999
-0.63839656,0.875351011753
-0.4524016,0.7038279771799999
-0.5951541,0.567749977112
-0.6783616,0.713387012482
-0.55578226,1.07750594616
-0.33246425,0.690941989422
-0.5965861,0.772458016872
-0.5377037,0.7237120270730001
-0.51731193,0.9752489924429999
-0.3612869,0.9151769876479999
-0.43661422,0.757400989532
-0.51492584,0.691206991673
-0.5281475,1.1835279464700001
-0.22263208,0.7705749869349999
-0.49092278,0.8947700262069999
-0.42819858,0.614335000515
-0.5619965,0.769231975079
-0.44935971,0.907074987888
-0.41303653,0.40680998563799997
-0.722448,0.513888001442
-0.66110325,0.24814699590199998
-0.8147269,0.256875991821
-0.83550674,0.598065972328
-0.69408965,0.598169982433
-0.70744354,0.880114018917
-0.56259644,1.08564901352
-0.424106,0.9920129776000002
-0.4321556,0.8743849992749999
-0.47343734,0.8770260214810001
-0.41395333,1.008928895
-0.30667332,0.808875977993
-0.44263703,0.6714209914210001
-0.52439725,0.744962990284
-0.4671146,0.694267988205
-0.5084116,1.00188601017
-0.36316118,0.793558001518
-0.5016567,0.845004916191
-0.45923108,0.803124010563
-0.47362715,0.5744469761850001
-0.59617937,0.567972004414
-0.6160085,0.453808009624
-0.6879448,0.8494881391529999
-0.4705107,0.40645998716399995
-0.77474326,0.24535199999799998
-0.8736483,2.32321810722
0.37812075,2.02711558342
0.18693167,1.5811179876299999
-0.09586695,1.72704994678
0.16215415,1.15064203739
0.03837669,1.6079339981099998
0.24777141,1.33123397827
0.041740578,1.22164201736
0.0056105726,1.58354198933
0.17657565,1.60866212845
0.19549306,2.18565392494
0.5037623,2.98955988884
0.9835084,0.75744998455
-0.28543085,1.8113440275200001
0.42289177,1.5279519558
0.34376502,0.889223575592
