predict,actual
0.9774373,0.623775005341
0.94684756,0.691469013691
0.9840179,0.8557710051540001
1.0710709,0.709383010864
0.964098,1.01454794407
1.1293641,1.1157310009
1.2016813,0.41828301549
0.7806698,1.00228095055
1.1652694,1.21886098385
1.2212507,1.14329600334
1.1805348,0.652818977833
0.9683401,0.6746559739110001
1.0099466,0.6009536385540001
0.9056677,0.6694570183749999
1.0015869,0.653807997704
0.95669425,0.781412005424
0.9703561,1.20630395412
1.2390316,0.846925973892
1.0028741,0.82864099741
1.0217239,0.648239016533
0.8885104,0.56237000227
0.8554482,0.718330979347
0.9838122,1.09964799881
1.220298,0.954171001911
1.1077414,0.729013979435
0.97755873,0.669449985027
0.9209526,0.863121986389
1.0602608,0.646466016769
0.9429969,0.822318017483
0.99809515,0.9235979914670001
1.0769135,0.8300920128820001
1.0576687,1.06731402874
1.1487558,1.54617500305
1.4360956,0.682727992535
0.9876759,0.6385620236399999
0.9909668,0.6464239954950001
1.0008096,0.688109397888
0.97050494,0.727398991585
0.97829884,0.650035023689
0.940693,0.869369029999
1.0373596,0.44085800647699996
0.8065135,0.451860994101
0.8082758,0.757507026196
0.9698347,0.495238989592
0.8320069,0.685087025166
0.904357,0.724381327629
0.8946423,0.8653740286830001
1.0195473,0.740046977997
0.8752271,0.807075977325
0.9833667,0.8204330205920001
0.98876756,1.11441195011
1.1594257,1.1086050272
1.1787825,0.475149989128
0.8512474,1.0392680168200001
1.2017597,0.9457899928090001
1.0865676,0.787750005722
1.0160117,0.350454986095
0.7938875,0.9367713332179999
1.1275579,0.986805975437
1.1627549,0.647023975849
0.89120513,1.02977705002
1.1553882,1.1874469518700002
1.2276658,0.9328820109370001
1.1514838,0.7528370022769999
1.0077473,0.642004013062
0.975126,0.23073400556999996
0.6500197,0.47149971127499996
0.8268064,0.8772729635240001
1.0944123,0.787630975246
1.0390321,0.27422198653200003
0.66373855,0.39922699332199996
0.7481393,0.992351233959
1.0852389,0.7627239823340001
0.971181,0.7200859785079999
0.91971767,0.626478016376
0.85050595,0.726989030838
0.9374481,0.9301019906999998
1.0267472,0.687269985676
0.9089583,0.866255283356
1.0306972,0.835203826427
1.0229511,0.940249979496
1.140083,1.0233579873999998
1.1340326,0.732262969017
0.9655863,0.930074989796
1.0619444,0.8702930212019999
1.1420987,0.510402023792
0.8924241,1.0258179903
1.1144994,0.455123990774
0.8039097,0.734534978867
0.9812526,0.7012919783589999
0.9741815,1.01438605785
1.1240773,1.1237702369700002
1.1274602,0.48253700137100003
0.80992496,0.46893200278299996
0.8623031,0.875519692898
1.0720141,1.1454249620399999
1.2014914,1.9437874555599997
1.5371063,1.5570390224500001
1.4920069,2.10477590561
1.7859633,1.06224000454
1.2121207,0.786782979965
1.0940115,2.24797105789
1.9962776,0.5664669871329999
1.1613002,0.8389729857439999
1.3274279,0.31881898641600004
0.930971,0.638668000698
0.99922186,0.754026651382
0.9948632,1.08582603931
1.2382817,0.601429998875
0.88286895,0.6923220157619999
0.9393117,0.878243982792
1.0473545,1.27922403812
1.2015449,0.725166976452
1.0002184,0.428310990334
0.7736458,0.701224982738
0.97121733,0.8846225738529999
1.0978465,0.7809653878210001
0.9186094,0.92597001791
1.1055133,0.917864024639
1.0955815,0.90730202198
1.0638598,0.409945011139
0.7342424,0.87414598465
1.0878255,1.2313439845999998
1.2345771,0.7683960199359999
0.97171426,0.9357339143749999
1.0687643,0.752327024937
1.0112858,0.624783992767
0.9445353,1.9779472351099998
1.668494,2.47647929192
2.185365,0.682259976864
1.0487422,1.29407799244
1.5077502,2.1165060997
1.8716545,2.03023004532
1.8775055,1.72759306431
1.7380148,1.32161903381
1.5215377,1.11427497864
1.4017702,1.6184829473500002
1.6569306,1.10235404968
1.4033636,0.850126981735
1.2393415,0.653181314468
1.1423745,0.616827607155
1.068189,1.02320480347
1.2217968,1.17678105831
1.3014629,1.10875403881
1.1367097,0.983811020851
1.1439898,1.82992756367
1.5604945,1.34213101864
1.4306958,1.26566958427
1.3971063,0.793037712574
1.0982771,1.0306893587100001
1.2306626,0.821023225784
1.1564878,1.0991692543
1.2784055,0.525535523891
0.9395809,0.775839388371
1.085027,0.720975995064
0.9750513,0.8666771054269999
1.0568799,0.846204102039
1.0447407,0.7614132165909999
0.9904728,0.658724606037
0.95622873,1.07865929604
1.1373668,1.2819403409999999
1.2929437,0.660000503063
0.99803656,1.1125005483600001
1.2704862,0.628070473671
0.9369027,0.686457574368
0.91545033,0.900040984154
1.1103327,0.734256923199
1.0083588,1.0111212730399999
1.1409509,0.882759988308
1.0447812,0.7521411776540001
0.98161507,0.9489411115649998
1.1137245,0.6799052953720001
1.0095445,0.721156597137
0.9697447,0.6504104733470001
0.985748,0.716710627079
0.9967384,0.9056316018100002
1.0136106,0.6526464819910001
0.90810126,0.7056654095649999
0.9253967,0.658105790615
0.9302889,0.659279406071
0.9250395,0.663406431675
0.89244497,0.7808002829549999
0.97729796,0.756590723991
0.95656294,0.9280405640600001
1.0741528,0.707382977009
0.95538145,0.38883998990099994
0.76111716,0.342241793871
0.7351933,0.23373000323799997
0.6268077,0.145912706852
0.5985079,0.394953489304
0.75430816,0.967840969563
1.0259248,0.783922016621
0.9022892,0.8333759903910001
0.9191368,0.9723259806630001
1.0103537,0.6905210018160001
0.90527415,1.3453240394600001
1.3670391,0.7227010130879999
0.9985111,0.6804850101469999
0.9859269,0.7610610127449999
0.97744983,0.8075709939
1.0650547,0.588663995266
0.92674994,0.9960750937459999
1.127396,1.0454139709499999
1.1542131,0.47130599618
0.8405553,1.04714095592
1.1892455,1.12621426582
1.1675802,2.5604617595700003
2.3019238,0.7747610211370001
1.2235556,0.717206001282
1.2151058,0.800508022308
1.2612323,0.568039000034
0.8896253,1.19578003883
1.3357385,0.797044992447
1.1238517,0.48993599414800004
0.94377506,0.9918130040169999
1.0906053,0.744569003582
1.030585,0.6096370220180001
0.9081369,0.856591999531
1.1079214,0.814429998398
1.1237983,0.760592997074
0.9249267,0.915751993656
1.090071,0.742163479328
0.85592425,0.732936024666
0.9736892,0.8745691180230001
1.0761303,0.9644910097120002
1.0767673,1.4776719808599998
1.5753865,0.6752679944040001
1.0431089,0.5030400156970001
0.9296137,0.706665992737
1.0178857,2.9681959152200004
2.2340121,1.2553009986900001
1.3200707,4.08481502533
2.8627508,1.6923229694400002
1.6446086,0.412105202675
1.0720125,1.03575098515
1.6246387,0.640892028809
1.1575148,0.706547021866
1.1501983,1.06083035469
1.3583198,1.88095402718
1.775804,1.88637399673
1.6400197,1.32877397537
1.3382733,0.39318400621399996
0.80927455,0.6382430195809999
1.1225804,1.04553198814
1.3154476,0.658802986145
0.94184774,0.80467402935
1.1456802,0.8740410208700001
0.9813037,0.853255033493
0.9949249,0.8952109813689999
1.0857018,0.730158984661
0.96835613,0.414941012859
0.768087,0.270094007254
0.7043034,0.49113199114799994
0.87247837,0.507916986942
0.8165921,1.22402000427
1.2619672,1.2676579952200002
1.1672107,2.6334879398299997
2.0694022,3.99961543083
2.8077269,6.65141820908
4.5133977,2.10267806053
2.4303164,1.28368997574
2.1840432,1.29134750366
2.2845042,1.3537540435799997
2.1019166,2.39019107819
2.2412875,1.46144104004
1.8550981,1.599208951
2.0066385,1.4711509943
1.705261,1.29820501804
1.5112085,1.57962203026
1.6367451,1.3603550195700003
1.6260027,0.803641021252
1.4156784,0.427668988705
1.158657,0.269407004118
0.88419175,0.389717012644
0.592858,0.417917013168
0.75688475,1.54603600502
1.3791419,1.01761102676
1.1133521,0.865315020084
1.0095797,0.619410991669
0.8427255,0.845414996147
1.0567707,0.804859638214
0.9996399,1.4358890056600002
1.3628418,2.56575202942
1.970954,6.206179142000001
4.107543,0.9309499859810002
1.4383824,0.907775998116
1.6739063,0.460979789495
1.437984,0.5264570117
1.2099018,0.794224977493
1.1761776,0.9704009890559998
1.3822203,0.669588983059
1.1153535,0.6997730135920001
0.99381953,0.6903669834139999
0.9732833,0.63616001606
0.83893585,0.9726700186730001
1.222971,0.639338970184
0.98229825,0.512377977371
0.91940075,0.569913029671
0.8972436,0.83180898428
0.7744543,0.46941101551100006
0.7315087,0.9054309725759999
1.0505874,0.848275005817
1.0316838,0.656663000584
0.8891651,0.63240557909
0.8763911,0.326855003834
0.71868896,0.304740995169
0.74108475,0.21594800055
0.619648,0.214847996831
0.6337352,0.151231005788
0.57320213,0.415333837271
0.7166227,0.734420001507
0.8668948,0.9913370013239999
1.00176,0.791000008583
0.86663824,0.742917001247
0.85039914,0.74265486002
0.93990225,0.8799139857289999
1.0233054,0.73768299818
0.96155757,1.24034297466
1.2568759,0.8343409895899999
1.052827,0.305472999811
0.7567181,0.892946004868
1.1062626,1.28586602211
1.3060571,0.41464000940300005
0.83559096,1.09013700485
1.2478576,0.592383027077
0.9072873,0.377326011658
0.73696613,2.6935973167400005
2.0535214,2.2886660099
2.0666163,0.895527005196
1.2786899,0.8070570230480001
1.2746,1.19486296177
1.4237298,0.8929409980769998
1.152344,0.977608025074
1.280869,1.8325070142700004
1.7033436,1.4037929773299997
1.4960624,0.7223749756810001
1.0623975,0.6599410176280001
1.007731,0.740734994411
1.1170164,0.555365979671
0.99073315,1.2367689609499999
1.3848442,0.6214020252229999
0.9857835,0.710873007774
0.945199,0.30647799372699996
0.6414025,0.6473349928859999
0.89799243,0.545826971531
0.88088924,1.02424776554
1.070704,0.8176820278170001
1.0464927,0.7440620064740001
1.0033985,0.736715018749
0.9431615,0.576856017113
0.7620673,0.9152600169179999
1.1220638,1.13702905178
1.1901629,0.49600800871799994
0.7824493,0.49413600564
0.8050396,0.8834533095360001
1.0419184,1.27152490616
1.2725928,0.886436998844
1.0979412,0.898828029633
1.1245806,0.9049779772759999
1.0844358,0.829931974411
1.016157,0.8756300210950001
1.0632014,0.550292015076
0.8762583,1.07391941547
1.1935136,0.849192023277
1.0617055,0.6393229961399999
0.932543,0.7995309829709999
1.0125806,0.9646000266079999
1.1324221,0.841355979443
1.0665882,0.701144993305
0.96762264,0.72400701046
0.94175524,1.01030802727
1.107405,0.65380603075
0.92485774,0.793285012245
1.0004624,0.6538396477699999
0.90885705,1.1607899665799999
1.2158369,0.808578968048
1.0032918,0.374377012253
0.76966244,0.25569999218
0.6872332,0.489315003157
0.8424255,1.1518440246600001
1.2161317,0.737277984619
0.9071197,1.08875095844
1.0958596,1.9758529663099995
1.6509901,0.8547700047490001
1.1292272,0.7977370023729999
1.1082507,1.0524289608
1.2072078,3.17945098877
2.4061024,1.79706799984
1.650149,1.05670201778
1.3547995,0.875126004219
1.2927295,0.664539992809
1.0920222,0.757168412209
1.1289158,1.36848402023
1.4963948,0.9052469730380001
1.3119301,1.0320609808
1.2559342,0.614133000374
0.99803203,0.9733130335810001
1.0806258,0.645228981972
0.8826285,0.48943901062000006
0.8661999,0.8408679962160001
1.0536504,0.7771940231319999
1.0219839,0.675535023212
0.8529136,0.659205973148
0.8613122,1.08415305614
1.1878031,0.9314100146289999
1.0533788,1.3594796657600001
1.310672,0.763398826122
0.99912,0.535733997822
0.8793214,0.6781889796259999
0.96946293,0.7839810252189999
0.99697,1.16936767101
1.2233531,1.01528799534
1.2140448,0.925943017006
1.1328635,1.31924402714
1.3310074,0.9717460274700002
1.137115,1.1762996912
1.2257047,1.71460902691
1.6100032,1.30733704567
1.4080877,0.6186890006069999
0.99499923,2.2984359264400003
2.0899704,1.80824100971
1.7465214,0.879414975643
1.2112073,1.57094502449
1.5821648,1.5785160064700001
1.6241839,0.620030999184
1.0948138,0.9928810000419999
1.2978497,0.455186992884
0.91972095,1.0173989534399999
1.2186491,0.8378469944
1.1450965,0.488476991653
0.87096286,1.2463409900700002
1.3357031,1.20963096619
1.2398279,1.2524510622
1.16925,1.51972699165
1.4148184,1.06379795074
1.1680064,1.57149505615
1.4846711,1.27810502052
1.4203455,1.19207799435
1.3268021,0.830443918705
1.0619284,1.40201568604
1.5332223,1.156504035
1.3690925,1.1625548601200002
1.37427,0.60075199604
0.9750803,1.25383579731
1.3189275,1.79184401035
1.7251958,1.73406255245
1.5922529,4.93997097015
3.5386634,2.39435100555
2.3015482,2.2125759124799997
2.317333,1.88652706146
2.0998769,0.9343829751010001
1.3675739,0.909982979298
1.3950286,0.8112999796870001
1.4795359,1.04970896244
1.531644,1.35178804398
1.4696343,1.27730596066
1.4763807,0.7854449748989999
1.10176,0.48462298512500007
1.0408059,0.6676359772680001
1.0613873,0.832251012325
1.0283678,0.5959370136259999
0.91618896,0.341089010239
0.58136445,0.686011016369
0.9197526,0.8153510093690001
0.9991778,0.39854300022100003
0.69515395,0.699815988541
0.8977776,0.42636901140199995
0.7982451,0.686613976955
0.9538738,0.182677000761
0.54590166,0.701882481575
0.88439786,1.7966820001599997
1.7377064,0.720426976681
1.103796,0.46806401014300003
0.8980564,0.6408870220180001
1.019679,0.7520520091060001
0.9174839,1.00181758404
1.0595249,1.6608040332799998
1.5589032,1.45059502125
1.3632902,1.0850100517299999
1.1579478,1.09955501556
1.2908162,0.769418001175
1.1185346,1.25443041325
1.4250216,1.49632096291
1.5680416,0.718636989594
1.1048943,0.890201985836
1.2147356,0.989175975323
1.1302226,2.84901452065
2.150175,4.28107500076
3.1589506,1.24873900414
1.4233099,0.70965898037
1.2858888,0.7497439980509999
1.435207,0.8907449841499999
1.2567805,1.46952795982
1.532583,1.60888803005
1.9752461,1.04346096516
1.5028445,1.18475103378
1.474046,0.506372511387
0.9521915,0.694615602493
0.88518685,0.929911017418
1.2281506,0.775462985039
1.1088748,0.856469631195
1.0915767,0.926900982857
1.1148785,0.7506660223010001
0.92229164,0.9248849749570002
1.1161847,1.07016265392
1.2715884,0.8752880096439999
1.172726,0.7511039972310001
1.0215318,0.8627579808239999
1.059692,0.509657025337
0.8109811,0.8495249748229999
1.049296,0.671136975288
0.96998024,0.613218009472
0.97238135,0.381054997444
0.7942615,0.871042013168
1.035435,0.654031991959
0.903689,0.9089673757549999
1.0574527,0.9709029793739999
1.109302,0.9856920242310001
1.1346349,1.35625624657
1.3326904,1.30987298489
1.3259679,0.634491980076
1.0145521,0.593350827694
1.0222101,0.879638016224
1.116093,1.13183641434
1.2374948,1.84127402306
1.6388065,2.26174592972
1.8687981,2.5979759693099997
2.03229,2.3991920948
2.02164,1.98229801655
1.8735449,2.2695479393
2.0769641,2.0178899765000002
2.0718312,1.45226204395
1.8568817,1.34279799461
1.772262,1.3119150400200001
1.6695918,1.2767620086700002
1.499975,1.2752670049700001
1.5182117,1.2104460001000001
1.4388003,0.815348029137
1.1999449,0.72711199522
1.1252264,0.604301989079
0.9779432,0.9830358624459999
1.2069769,1.10152900219
1.2955912,1.1837249994299999
1.2742759,0.435640007257
0.7920178,0.327004015446
0.6909618,0.803984999657
1.0321448,0.421685993671
0.77611494,0.573455989361
0.8428742,0.39594578743000003
0.7245962,0.416375011206
0.78549474,0.560397028923
0.82758105,0.774905025959
0.9189341,0.637084007263
0.834198,0.383926004171
0.6857765,0.564873993397
0.8492596,1.05471503735
1.0886344,0.6537709832190001
0.875123,0.593102991581
0.8188159,1.02260899544
1.1208482,0.8359869718549999
1.0226718,0.637534022331
0.8731375,0.9755985140799999
1.1094784,0.48980799317400003
0.8505707,1.0986479520799999
1.1992862,1.1511659622200001
1.1994771,0.8061249852179999
1.0123161,0.47447699308399993
0.82333225,0.789602994919
1.0328016,0.476253002882
0.8683697,0.545522987843
0.88144356,0.6212809681889999
0.8739721,0.7707700133319999
0.96929187,0.933706998825
1.106128,0.8110550045970001
1.0081877,0.600552976131
0.85971284,1.00252103806
1.085995,0.8921650052069998
1.0475004,0.9160850048070001
1.0811186,0.741342008114
0.9579824,0.9283249974250001
1.0773062,0.642940998077
0.97693866,0.9950090050700001
1.156298,0.627136588097
0.9169899,1.0386890173
1.1843023,0.6888009905820001
0.9648486,0.5214130282399999
0.8446254,0.651027023792
0.9683665,1.1597019434
1.2198713,0.645640015602
0.9015276,1.19586265087
1.2475241,1.30470395088
1.3354008,0.8844429850579999
1.1219279,0.7697709798810001
1.0702325,0.770210027695
1.0592855,0.641828000546
0.9030512,0.893715977669
1.145558,0.5247250199319999
0.9038225,0.514221012592
0.8740006,0.717274844646
0.9614392,0.641076982021
0.97506016,0.4689820110800001
0.85418546,1.2037500143100002
1.262533,0.7911959886550001
0.9801945,1.13630115986
1.189086,0.8642929792399999
1.0933373,0.8814030289650001
1.0834703,0.58174097538
0.90374947,0.865119993687
1.0238973,0.907812476158
1.0973366,0.7377740144730001
1.0414168,1.1203750371899999
1.2015287,0.9422479867940001
1.0725038,1.06006002426
1.1669599,0.715842008591
0.9828801,0.404020994902
0.80814904,0.29207798838599996
0.7600703,0.631792426109
0.93029386,1.12466526031
1.1824867,1.11569094658
1.1414167,1.24741899967
1.2310842,0.697616994381
0.9166114,3.69397497177
2.70372,0.820483982563
1.301846,0.85730701685
1.3964553,0.690235972404
1.2863712,0.8385969996449999
1.2072562,1.28772699833
1.3130214,0.9632229804989998
1.311192,1.34329998493
1.4845978,0.7316169738770001
1.0461669,0.6809219717980001
0.9950149,0.701478421688
0.9654102,0.669803023338
1.1010835,1.36564302444
1.4234419,0.9781420230869999
1.1782557,0.67867898941
1.0114422,0.597633004189
0.81182194,0.819377481937
1.0464094,0.791110992432
1.0359268,1.0441473722499999
1.2073257,1.4000159502
1.3700727,0.874862015247
1.0561792,0.622817993164
0.961992,0.7164059877399999
0.96025103,0.6523500084880001
0.9771448,0.9379299879069999
1.1207786,0.593699991703
0.91706616,0.539344012737
0.8920093,0.9370089769359999
1.0905753,0.808772027493
1.015264,0.56542801857
0.8397562,0.602082014084
0.8748446,1.14667999744
1.2165586,0.9824249744419999
1.1138572,0.567151010036
0.86641645,0.786639988422
0.95072156,0.7388439774510001
0.98602414,0.681029975414
0.9690664,0.708697974682
0.94376457,0.6642330288889999
0.928778,0.512479007244
0.8395494,0.604038000107
0.91295344,0.672879993916
0.91936964,0.8265414834020001
0.9895661,0.454686015844
0.779844,0.559450984001
0.8632035,0.133221805096
0.5770669,0.163306996226
0.5758129,0.17978604137899998
0.57825583,0.57479184866
0.857586,0.8508148789409999
0.93840015,0.852764010429
0.8961063,1.6876280307799998
1.3592925,2.1495220661200003
1.7394536,0.812285006046
1.0623254,1.2396399974799999
1.3496054,2.12843728065
1.7807504,2.1392390728
1.928605,0.9779880046840002
1.322414,0.6937779784199999
1.2398672,0.721879005432
1.1654178,0.7631160020829999
1.132847,0.856532990932
1.1582501,1.1093380451200001
1.2808603,0.647634029388
1.0269911,0.9241870045659999
1.1186326,0.7877320051189999
1.0436559,1.3055670261399999
1.2911196,0.910771012306
1.0394479,0.869964003563
1.1267803,0.574302017689
0.9047865,0.859953224659
1.0443863,0.47758498787899994
0.81505436,1.1080174446100002
1.1890218,1.29072499275
1.3924373,0.859157979488
1.0692043,0.305898010731
0.7341533,0.903901994228
1.0947255,0.635275006294
0.9274283,1.0234229564700001
1.1300931,0.673066973686
0.9394555,0.850479006767
1.0579487,0.51419699192
0.8228966,1.52795660496
1.4092985,4.09438562393
3.0214043,0.9952359795569999
1.4007665,0.8670449852940001
1.4129711,1.14105606079
1.5725917,1.6222579479199999
1.6268301,1.9802049398400003
1.7148033,1.3755470514300001
1.5258301,1.8518650531799998
1.9129721,1.42092394829
1.5652708,1.5891779661200003
1.6537498,1.67319941521
1.6203839,2.12393403053
2.1921778,1.64840197563
1.8489065,1.2047419548
1.5330371,0.792083978653
1.2492971,1.22702741623
1.232798,1.2269510030700002
1.4033709,1.13134396076
1.3446057,1.25246500969
1.3871398,1.1168919801700001
1.2589298,1.1223870515799999
1.2627411,1.0401530265799999
1.2309161,0.809131026268
1.099718,0.7681059837340001
1.0986853,0.7982919812199999
1.0249878,0.766672253609
1.027833,1.05736005306
1.1547178,0.8607699871060001
1.0204536,1.0707770586
1.1415455,0.53015100956
0.86544776,0.660418987274
0.96197194,0.990917980671
1.1459256,0.356153011322
0.7629158,0.961823999882
1.0965935,1.24482905865
1.2322049,0.8381230235100001
1.040948,0.9245989918709999
1.0600189,0.8131660223010001
1.0176047,1.00306105614
1.1349508,0.875234007835
1.0691797,0.7991399765009999
1.0376984,0.881296157837
1.0490633,1.06308019161
1.200431,0.9057049751280001
1.0775038,0.690955996513
0.9724987,1.3559700250600002
1.3604434,0.757239997387
0.98705345,2.04375457764
1.7519022,0.8576130270960001
1.1581649,2.36495709419
1.937308,4.17923116684
2.8348691,2.23356199265
1.8693728,0.8013390302660001
1.3218979,0.83728402853
1.4492617,0.8851529955859999
1.3113643,0.9040349721909999
1.303502,1.30293953419
1.5374511,0.722869992256
1.1535453,0.800912022591
1.2002338,1.03291928768
1.1819866,1.3216282129299999
1.2562374,0.93677598238
1.1078748,0.700770020485
0.9912064,0.762431979179
1.0908501,1.14493894577
1.239616,0.772161006927
0.92778844,0.8772150278090001
1.0108494,1.2435050010700002
1.3127183,0.638184010983
1.0217865,0.746819972992
1.0826288,0.683992981911
0.9791061,1.4195051193200001
1.3170288,0.614147007465
0.97054833,0.7347676754000001
1.0759077,0.6770560145379999
0.971895,1.07402694225
1.1480048,0.615638971329
0.875086,0.9692379832269999
1.1257731,0.9916120171549999
1.1486413,0.808956027031
1.0040727,2.4351439476
2.062194,0.822347998619
1.1201545,0.593822002411
1.009916,0.576224982738
1.0446225,0.42242398858099994
0.8359614,0.676587998867
1.0017136,0.552034974098
0.89725316,0.9015229940410001
1.0831573,0.748996019363
0.9454101,0.8627583980560001
1.0647583,0.9480749964709999
1.075503,1.05561387539
1.173326,1.9700200557700003
1.7431345,0.9391199946400001
1.124012,1.00904297829
1.2736788,0.7824029922490001
0.9679123,1.01626503468
1.1801753,0.878274977207
1.1630343,0.735361993313
1.0524033,1.1099909544
1.2602124,0.772719979286
1.0153003,1.16498196125
1.2558696,0.715721011162
0.99714446,1.47547900677
1.4774113,0.835452020168
1.0699509,0.734466016293
1.0199943,0.786192774773
1.0252231,1.14346504211
1.2344565,0.924699008465
1.129089,2.95876455307
2.2003634,2.13832402229
1.9106292,2.03871202469
1.8478069,1.4802099466299998
1.6127958,0.9367650747299999
1.291204,1.71593976021
1.7802038,1.00140202045
1.4149586,0.889622986317
1.3005352,0.749293982983
1.1613839,1.1151839494700002
1.3105327,0.9457820057870001
1.2363513,0.645218014717
1.0461096,1.16484200954
1.249777,1.2443510294
1.2641373,0.9045109748839999
1.1299412,0.5575259923929999
0.8658256,0.577834367752
0.95493394,0.719983577728
1.0259628,0.76077902317
1.0151838,0.540440022945
0.8844077,0.8009672760959999
1.0021975,0.771014988422
1.0424216,0.670971989632
0.93855757,2.7689704895
2.133312,3.08613300323
2.3937776,1.11635804176
1.3577914,1.01826095581
1.4935077,0.744261026382
1.3405015,1.1143867969499999
1.4136976,1.3805164098700002
1.5506654,1.22909843922
1.5104241,1.57323896885
1.6852695,1.24559795856
1.4750525,0.829861998558
1.2212608,0.537698030472
0.99459505,0.8593800067899999
1.1990236,0.794964790344
1.1219573,0.812288999557
1.1915421,1.20946097374
1.2594922,1.04361104965
1.056071,0.9914460182189999
1.1344947,1.37764596939
1.3499913,0.7495359778399999
1.0626066,0.754966974258
1.0560715,0.852221012115
1.082902,1.31262803078
1.3464472,0.949999988079
1.137581,0.8433979749680001
1.0789384,0.632993996143
0.9487106,0.6848490238189999
1.0378976,0.829603970051
1.0485036,1.11777603626
1.248616,1.0605150461200001
1.2371285,0.9966710209849998
1.1280739,0.6726049780850001
0.91493833,0.84998100996
1.0977569,0.792970001698
1.0416982,0.7509549856190001
0.99651724,0.9556260704989998
1.0994227,0.6085839867589999
0.9233945,0.778249979019
1.033357,0.509814023972
0.872003,0.636431992054
0.93990743,0.6015599966049999
0.87156296,0.65563338995
0.9220922,0.638554990292
0.9169392,0.8762890100480001
1.038706,0.7967479825020001
0.9834792,0.682483017445
0.8928715,0.802550017834
1.0027411,0.795031189919
0.99351513,1.58489704132
1.5010633,1.0174859762200001
1.1470453,0.917778015137
1.0877514,1.2302210331
1.3426251,1.0278990268700001
1.2284278,0.9125559926029998
1.1523869,0.793597996235
1.0998406,1.0304379463200002
1.233371,0.532537996769
0.92841643,0.612778007984
1.002371,0.874128997326
1.072192,0.366723001003
0.78710383,0.7391750216480001
1.0123552,0.560423016548
0.86527246,0.775817811489
0.999965,0.8102909922600001
0.9843184,0.6437510252
0.9096624,0.723645746708
0.9634889,0.9113870263100001
1.1042999,0.662783026695
0.95933104,1.0020359754600001
1.1497267,0.8224419951440001
1.1268833,1.0305769443500001
1.1612413,0.678113996983
0.9846965,0.533345997334
0.8621934,0.320995986462
0.7623813,0.7608630061149999
1.0631902,0.7439860105509999
0.97543585,0.546840012074
0.8372367,0.7004669904709999
0.94158757,0.8356525897980001
1.0260388,1.27425897121
1.3450004,0.893445014954
1.0963496,0.621165990829
0.9106184,0.790015995502
1.0155511,1.06749498844
1.2495261,0.66980099678
0.99499184,1.26569497585
1.2972165,0.638062000275
0.9483698,0.9348030090330001
1.1396855,0.8006410002709999
1.0638864,1.08570897579
1.2382393,0.352703988552
0.79228354,0.588370978832
0.98125,0.48754200339299997
0.83788806,0.46368801593799996
0.8349467,0.363703995943
0.74176556,0.875024318695
1.0018636,0.6435279846190001
0.9416238,0.4834130108359999
0.77176994,0.212089002132
0.6107095,0.45604699850100006
0.7899561,0.43679100275
0.7533817,0.723880410194
0.9173624,0.556069016457
0.8159923,0.474842995405
0.78126174,0.267464011908
0.5842003,0.958843708038
1.09557,0.78689801693
0.97551817,1.7943609952900001
1.4919156,1.33767795563
1.2660049,1.2104539871200002
1.2528027,0.56547999382
0.9361881,0.40084299445200006
0.8490064,0.272765487432
0.76913434,0.583644986153
0.99404883,0.853380262852
1.0816966,0.866061031818
1.0194681,1.15834999084
1.1843814,0.7764859795569999
0.96878064,1.06880700588
1.1252526,0.5888479948040001
0.8959505,1.5888684988
1.5298487,0.432785987854
0.9189438,0.399603009224
0.9171643,0.554534971714
0.96941614,0.6221979856490001
0.86945635,1.14955198765
1.217783,1.12126004696
1.1500844,0.9776459932329999
1.0866501,1.73274195194
1.5113353,2.30270791054
1.8432574,1.05347704887
1.21011,0.796280026436
1.1880469,0.520332992077
1.0758308,0.610480010509
0.9944648,0.445305794477
0.9270741,0.652213871479
0.9752769,1.17554116249
1.2914749,1.0322021246
1.197391,0.7193930149079999
0.9574546,0.820013999939
1.0426539,0.9497330188750001
1.1595577,1.0391149520899998
1.1559303,0.58838301897
0.9221709,0.950855970383
1.1150061,0.527760028839
0.84743327,0.773606300354
1.0284426,0.970355987549
1.145488,1.38388991356
1.3433741,0.779523015022
1.0784882,0.606999993324
1.030425,0.466057002544
0.92384946,0.945527017117
1.08315,0.623872995377
0.8761599,0.39232400059699996
0.7939348,0.5156549811360001
0.8745833,0.967938542366
1.0764415,1.3565659523
1.286293,0.9072690010069999
1.0351374,0.816276013851
1.0129125,2.47986698151
1.9980271,1.1330800056499999
1.3548567,1.04558396339
1.2759441,0.847437024117
1.1500638,1.5365229845
1.5621167,0.900898993015
1.210326,0.48120099306100006
1.0273505,0.85725402832
1.1476743,0.861747980118
1.1345252,1.0086940527
1.1987002,1.12772703171
1.1815691,0.77955698967
1.0665535,0.989550292492
1.1305996,0.8363329768179999
1.0975287,0.9099559783939998
1.1223812,0.551105976105
0.82499063,1.23976433277
1.2808387,1.21183896065
1.2825248,1.37998199463
1.3689297,1.14846098423
1.223885,0.766390025616
1.074095,0.9660840034479998
1.1869957,0.815675020218
1.0554136,1.1422729492200001
1.2847235,1.2994799614
1.3450836,0.858331024647
1.0947834,0.714946985245
1.0234169,0.8764400482179999
1.0783132,0.830546021461
1.0880653,0.853524029255
1.0725771,0.909241020679
1.106346,0.520272016525
0.85221684,0.741104006767
1.0211284,0.585331976414
0.88630134,0.504777014256
0.81055486,0.5519493222240001
0.85879093,0.969752013683
1.0907744,1.11651599407
1.1584723,1.0498449802399998
1.095793,0.634262979031
0.87360406,0.5644329786300001
0.88955885,0.9184709787369999
1.0895197,0.9593539834020001
1.1091098,0.598415970802
0.9079129,0.9383450150489999
1.1030334,0.45422500371900004
0.8226565,0.7079470157619999
0.9923111,0.38765001296999996
0.7352269,0.448433995247
0.7949064,0.840570986271
1.0228492,0.533711016178
0.8307405,0.721135020256
0.91350716,0.521538615227
0.772478,0.705075979233
0.9449129,0.640564978123
0.8576503,0.516858994961
0.83273566,1.66040945053
1.4290098,2.46530795097
1.8804588,1.62215602398
1.4588497,1.8662700653100002
1.6066375,3.62353610992
2.6953132,0.794870972633
1.3151845,0.906598985195
1.5426443,0.8571879863740001
1.4993011,0.775637984276
1.2419027,0.700670003891
1.1333431,0.6443409919740001
1.096639,0.7579550147059999
1.1006913,0.549960017204
0.90155923,0.49646699428599994
0.8212464,1.36767756939
1.2926035,1.3978940248500002
1.541718,0.814813017845
1.1148756,1.27889895439
1.4431924,0.862398028374
1.0944741,1.09386599064
1.0325958,0.813471019268
1.0660129,1.46668708324
1.4817686,0.9060310125350001
1.23672,0.7652140259739999
1.114657,1.3110339641600002
1.3974664,0.789250016212
1.0966593,1.47490203381
1.5025711,0.9167850017550002
1.2170365,1.18614006042
1.327027,1.4113919735
1.3338615,2.09247207642
1.7348987,0.718922019005
1.0720148,1.3018610477399999
1.4866265,1.26897478104
1.3941885,1.2219970226299999
1.4010292,0.906111001968
1.2413437,1.0788739919700001
1.2716109,1.0280250310899999
1.2307897,0.7863690257070001
1.1037393,1.27685296535
1.3353609,0.709342002869
0.9970559,0.520192980766
0.9040491,0.564561009407
0.9126157,0.9855200052259999
1.1547465,1.09284198284
1.2152917,0.47868999838799997
0.8001931,0.39550599455799995
0.83524066,1.85070300102
1.6349174,1.1957960128799998
1.2586935,1.70251083374
1.4696565,2.9983510971099996
2.240624,2.40708088875
1.970422,2.5859439372999997
2.1197393,2.23383903503
2.083457,1.65577304363
1.8431684,1.4306110143700002
1.7496254,0.8921740055080001
1.4007593,1.23169696331
1.5830951,0.895507991314
1.3905363,1.60203301907
1.6906526,1.58539903164
1.5654762,1.2320599556
1.3917792,1.21037101746
1.2805741,1.24214100838
1.3876071,0.9857040047650001
1.278162,0.728968977928
1.0291115,0.6761519908910001
1.0562576,1.07157301903
1.2344607,0.9457439780239999
1.1552593,0.43763700127599997
0.85270095,0.514182031155
0.9186568,0.338719010353
0.7723807,0.714428007603
0.96324164,0.499619990587
0.8577336,0.79173797369
0.9705577,0.864624321461
0.95071054,0.602496027946
0.87079483,1.2600699663200001
1.2545519,1.01233994961
1.1027131,1.00452899933
1.1094273,0.631023526192
0.90341574,1.1412210464499999
1.3439152,0.542609989643
0.9341936,0.854745984077
1.1015747,0.7744219899179999
1.0209663,0.308434009552
0.7748318,0.837620973587
1.1185918,0.7293469905850001
0.94676995,0.7503905892370001
0.98803973,1.13482201099
1.1983991,1.61424005032
1.4849685,1.2447930574400001
1.2827094,0.714163005352
1.0367404,0.729304015636
1.0278757,0.648698985577
1.017907,0.342799007893
0.87063956,0.386186003685
0.81332874,0.636629998684
0.96691626,0.39904800057400003
0.79728305,0.417885988951
0.75191045,1.10379052162
1.142595,0.695618987083
0.9231521,0.8070139884950001
0.9500442,0.594769001007
0.8487022,1.1076079607
1.2025529,0.971358001232
1.0842471,0.717034995556
0.95469487,0.67648100853
0.91845506,1.6877729892700002
1.5659709,0.990756988525
1.1573377,0.808203995228
1.053927,1.08771896362
1.2454461,1.5648180246399999
1.5009401,0.667380988598
1.0361383,1.2564899921400001
1.3845263,1.09188604355
1.2794505,0.737550973892
1.0604383,0.6224380135540001
0.9459994,0.8364729881290001
1.137063,0.577426016331
0.95475143,1.0157610178
1.1861731,1.10615897179
1.1873807,0.6945540308949999
0.9539285,1.13090395927
1.2320424,0.951821982861
1.1365836,0.752457022667
1.0360535,0.558522999287
0.86448944,1.4158363342299998
1.3627526,1.8552980423
1.8062587,0.7845479846
1.165766,0.8210539817810001
1.1783054,0.583589017391
0.98546684,0.835972011089
1.1143782,2.18466305733
1.846784,0.680548012257
1.0923642,1.238904953
1.3987494,1.03032803535
1.2698635,0.791410982609
1.2101139,0.842372000217
1.1625228,0.446471005678
0.8740088,0.558933794498
0.94212013,0.709932982922
1.0481399,0.7334340214730001
0.9883152,0.7833399772640001
0.9065451,0.842680990696
1.0491083,1.09976100922
1.1300063,0.8706315755840001
1.0350004,0.586246013641
0.9472051,0.8863990306849999
1.0151312,1.0193990469
1.171964,0.849361002445
1.0602875,1.0106669664399999
1.1261426,1.33151602745
1.3158884,1.2150089740799999
1.2503147,1.64559102058
1.5336796,0.970878005028
1.1925712,1.4112720489500001
1.4189879,0.7953929901119999
1.1349205,1.04633104801
1.3260237,0.887933969498
1.196342,0.8349300026890001
1.1140289,0.9847199916839999
1.1865029,1.09039402008
1.2293987,0.490164995193
0.9028991,0.6141669750209999
0.9671868,0.631474018097
0.96986234,0.825244009495
1.0348486,1.05145096779
1.1715685,1.0471149683
1.1617368,0.39214301109300004
0.76141995,0.46951499581300005
0.86950064,0.772090017796
0.985714,0.7520099878309999
0.99352497,0.687739372253
0.9141913,0.6718119978899999
0.9422809,1.18593323231
1.2314819,0.657198011875
0.9176883,0.8213180303569999
1.0020375,0.7795739769939999
0.9921533,1.03012299538
1.1669716,0.621188998222
0.9247514,0.8660820126530001
1.0840361,0.9608931541440001
1.1020495,0.6760399937630001
0.94802046,0.740238010883
1.0123398,0.598470985889
0.90241313,0.615105986595
0.9388435,0.935873568058
1.080638,0.58182477951
0.8786481,0.715665996075
0.97899896,0.6529520154
0.92619294,0.9700022935870001
1.0875205,0.7834500074390001
0.98510545,0.744813024998
1.0106121,0.8276180028919999
1.0040205,0.8943400979039999
1.0348748,2.50501704216
2.1264236,1.62071204185
1.5277551,1.41758596897
1.4605936,1.04987204075
1.234389,1.22650754452
1.3395498,1.0431790351899999
1.3262478,0.9694439768790001
1.2618245,0.819225013256
1.1811477,0.8129550218580001
1.1102867,0.671208024025
1.0892217,0.528989970684
0.89031345,0.346193015575
0.8128874,0.478949010372
0.8692401,1.15381097794
1.1440645,0.9671270251270002
1.0746287,0.784583985806
0.8926106,0.470185995102
0.77167153,0.563278257847
0.86421007,0.241623997688
0.6838135,0.270985990763
0.6998142,0.199468001723
0.6225561,0.132716998458
0.55255646,0.4732620120049999
0.7574151,0.6585559844969999
0.86763734,0.9621880054470001
0.9717448,0.511197984219
0.7002047,0.9829789996150001
1.0355116,0.910009980202
1.0537666,1.0265760421799999
1.0937296,0.830938994884
0.98758566,0.9651920199390001
1.0946444,1.00054395199
1.1180817,1.98318505287
1.661901,1.27485501766
1.3867409,1.28652596474
1.395742,1.3822449445700002
1.4289173,1.73692405224
1.7107141,1.25766801834
1.4450877,0.7533379793170001
1.16795,1.0849089622499999
1.309185,1.06249403954
1.308338,0.778762996197
1.1073848,0.825646996498
1.0873511,0.989183008671
1.1967859,1.41809201241
1.4030191,1.15167796612
1.2613705,1.25036406517
1.2877452,0.879401981831
1.0749991,1.0894230604200001
1.2534149,1.8090629577599997
1.6516519,0.868739008904
1.1303375,0.8521729707719999
1.1186807,1.3078379631000001
1.3554399,1.2625759840000002
1.3845137,0.760155975819
1.0582259,1.06988704205
1.2218766,0.8579840064049999
1.1698946,1.14932394028
1.2982973,1.06714296341
1.197497,0.740061998367
0.9861947,0.679988026619
1.0238323,0.7323921322820001
0.9928976,0.835274994373
1.0640819,0.600082993507
0.9156062,1.0105639696100002
1.0926424,0.761397004128
1.0100378,0.726006984711
1.0045583,1.06432402134
1.1333914,0.5901079773899999
0.8735673,0.774465978146
1.0323857,0.7406870126719999
0.9650189,0.8908360004429999
1.070881,0.7620100975040001
0.9583928,0.777450025082
1.0339762,0.581107020378
0.91027886,0.7908779978749999
0.9912909,0.890371978283
1.0533075,0.788205981255
0.96943974,0.730194985867
0.9872078,0.9248933196069999
1.0496577,1.26558697224
1.2973683,0.7884140014650001
1.0064738,0.91806101799
1.0643599,0.656926989555
0.97467756,0.825268030167
1.0821328,0.42572298645999995
0.8463045,0.9114630222319999
1.0928382,0.7238519787790001
0.9699493,0.9657319784160001
1.1113764,0.719420015812
0.98772174,0.714648008347
0.9763958,0.618879973888
0.8773087,0.850296974182
1.0260037,0.611301481724
0.8893755,0.840580999851
1.0453928,0.590990006924
0.89056605,1.1918078661
1.2109807,1.07247805595
1.2081578,0.7976800203319999
1.0347837,0.714037001133
0.9815356,0.8885610103610001
1.0638423,0.736729025841
0.9919477,0.9655410051350001
1.1167575,0.856945991516
1.0609711,0.583833992481
0.9070283,3.0475621223400005
2.5061102,0.8865389823909999
1.4555278,1.1864609718299999
1.6344467,0.87507301569
1.3643396,1.11197304726
1.1719433,0.692927002907
1.0696204,0.563274979591
1.1036292,0.551968991756
1.0008445,0.921135008335
1.0777164,0.546503007412
0.9232489,0.9997850060460001
1.1588039,0.75122398138
1.1420792,0.840256989002
1.133123,0.784314990044
0.9762036,0.591548025608
0.90726686,0.610984027386
0.77308637,0.9328789711000001
1.0503098,0.799202024937
1.0505074,0.983354985714
1.1004256,0.54052901268
0.81774294,1.0936700105700001
1.1835527,0.926633000374
1.1161784,0.797241985798
1.0167152,0.589605987072
0.86682594,0.7799540162090001
1.0318315,0.518279016018
0.87097394,0.7263879776000001
0.9782694,0.621636688709
0.89402217,0.881067991257
1.0387424,0.731501698494
0.98022103,0.970385015011
1.0859566,0.871535003185
1.0163457,0.5505740046500001
0.86464566,0.257629990578
0.6846121,0.6952109932899999
0.9984991,0.35474300384499996
0.78643566,1.30835092068
1.2712393,1.42471003532
1.3040432,2.4222431182900004
1.826536,1.58809316158
1.4574459,2.8828899860400004
2.2979949,1.51081001759
1.586897,0.5103110075
1.1051873,0.663749992847
1.2306286,0.586565971375
1.1228338,0.9182999730109999
1.2911862,1.1263630390200001
1.3155612,0.9455379843709999
1.1697896,0.7979699969290001
1.0539231,0.88952600956
1.1125692,0.501745998859
0.88458407,0.788908004761
1.0616561,0.557146012783
0.89008474,0.8079270124439999
0.97205025,0.7382910251620001
1.0032681,0.6742079854009999
0.86432534,0.878771364689
0.97439647,0.7401880025859999
0.98798007,0.8886500000949998
1.0469052,0.798327028751
1.007481,0.513779997826
0.88373524,0.776037275791
0.98400366,0.852828025818
1.0876665,0.785162985325
1.0042489,0.8431609869
1.002665,1.02479887009
1.1412257,0.8044279813770001
1.0216832,0.8841310143469999
1.0939661,0.36156499385799995
0.73995364,1.1714910268799998
1.257883,0.44779101014100003
0.85445917,0.766573011875
1.0210649,0.773559987545
0.9901606,1.05482304096
1.162055,0.784330010414
0.9865769,1.0342509746600002
1.1144284,1.09697902203
1.1754967,0.7633029818529999
0.9901182,0.5883730053899999
0.93993044,0.636563003063
0.9275946,0.575070023537
0.9173283,0.539964020252
0.87261987,1.32467114925
1.292946,0.817846000195
1.0518024,0.635960996151
0.919148,0.813592016697
1.0214136,0.987214028835
1.0910022,0.983928978443
1.1042526,0.590479016304
0.89369595,0.898679018021
1.0913955,0.626800000668
0.9171456,0.692685008049
0.9600002,0.575704991817
0.8797793,0.676468014717
0.95318896,0.827947020531
1.028983,0.654785990715
0.9075668,1.0858155489
1.1511933,0.8509550094600001
0.9846466,0.887935996056
1.0393211,0.6557850241659999
0.9270801,0.659780979156
0.9580937,0.885627985001
1.065129,0.750299990177
0.9754258,0.930316030979
1.0831316,0.7259460091590001
0.97489196,0.7123904824259999
0.98548734,0.9326570034029998
1.0898823,0.654497027397
0.96409976,0.498726993799
0.86119497,0.9782410264020002
1.1016569,0.559324026108
0.88493,0.8733990192409999
1.0441452,0.6232500076290001
0.8968055,0.631924986839
0.88289624,0.833535015583
1.0276763,0.861343026161
1.041891,1.03601300716
1.1437339,0.6160370111469999
0.9178312,0.987452983856
1.1310229,0.668673992157
0.91372687,0.645533978939
0.9633681,1.00703001022
1.1223785,0.7763000130650001
1.0190523,0.9358490109440001
1.0978606,0.6626719832419999
0.8992042,1.11335194111
1.2098304,0.54953199625
0.8619853,0.927363276482
1.092212,0.821533024311
1.0895499,0.919354021549
1.1353544,0.6899859905239999
0.94424385,0.649773895741
0.869541,0.970504999161
1.1754956,0.8034440279009999
1.0102578,0.8920990228650001
1.0388801,0.746227025986
0.9576215,1.4954074621200002
1.4227322,0.7597569823270001
1.1521314,0.967728018761
1.2471704,1.12601101398
1.2699398,0.764141976833
1.0435721,1.42381894588
1.4470706,0.830919027328
1.1286873,0.531687021255
0.96914476,0.694292008877
1.025064,1.09710001945
1.1907328,0.86237102747
1.0804354,0.971195995808
1.1754385,0.750190496445
1.0229907,0.565989017487
0.88706213,0.7235890030859999
0.99526274,1.0888769626600001
1.1193247,0.261454999447
0.7096647,0.192316800356
0.6939458,0.204839006066
0.6733821,0.375299990177
0.7490474,0.18789100647
0.5654944,0.417883992195
0.7094296,0.612834990025
0.8064443,0.48221001029
0.7349508,0.813664972782
0.8926034,0.899798989296
0.9306217,0.766745984554
0.9125457,0.6762999892229999
0.8944307,0.9804093837740001
1.0894642,1.07553303242
1.1970874,0.645973980427
0.91152275,0.76016998291
1.0105963,0.8707180023190001
1.0785283,1.04555702209
1.1957406,0.483233988285
0.83606523,1.08598899841
1.203238,0.7320979833600001
0.99744207,0.712899029255
0.9734085,1.0453890562100001
1.1477921,0.735920011997
0.9861869,0.8956930041310001
1.067734,0.874550998211
1.0534672,0.923747003078
1.0835718,0.9997780323030001
1.1207291,1.73953402042
1.5915275,0.810788989067
1.0945703,0.7049050331119999
1.0928794,0.832826972008
1.1092979,0.827660024166
1.0334007,0.8953109979629998
1.1199872,1.45950102806
1.4003665,1.17951905727
1.2825361,1.4434119463
1.3799558,1.30673503876
1.3063715,0.763499975204
1.0796309,1.1451480388600002
1.3443174,0.725345015526
1.052829,0.76335901022
1.0537729,0.61748200655
1.0117826,1.02932298183
1.1682979,1.30205595493
1.2962314,3.16412496567
2.3623624,0.9734439849850001
1.1590713,1.2296710014299999
1.422194,0.744153022766
1.14969,1.0630340576200001
1.2526573,1.1238720417
1.3249742,0.898477017879
1.1906829,0.7175139784810001
1.0853759,0.536750972271
0.9645368,1.17544305325
1.3007998,1.10104894638
1.1414026,0.573449015617
0.924486,1.4311449527700002
1.3844055,1.0377949476200001
1.2002292,0.656862020493
1.0131737,1.0749080181100001
1.0718391,1.3859720230099999
1.3626218,1.0048049688299998
1.1606151,1.6095399856600001
1.5191183,2.8175759315499995
2.2015417,1.96256256104
1.738986,1.27975201607
1.4791309,1.9953299760799998
1.8739777,2.03338599205
1.8975445,1.3074439764
1.4779658,1.61125802994
1.6966845,2.04021811485
2.0017943,2.18324494362
1.9646562,1.35141599178
1.5173303,0.7242180109020001
1.2073538,1.3633890152
1.5938617,1.52680897713
1.6120007,1.7840195894199997
1.6531016,1.10359704494
1.3717515,1.76300799847
1.6523857,1.15754902363
1.3353118,1.15332603455
1.3929548,2.3628110885599996
1.9704106,2.58078789711
2.0599973,1.24214696884
1.4553888,1.7128210067700003
1.7962077,0.6676509976389999
1.1636537,0.8271329998970001
1.1573073,0.9642647504809999
1.2558753,1.3941617012
1.5402552,0.758404970169
1.1667789,0.690075993538
1.061937,0.674024999142
0.96851945,0.861522018909
1.0814515,0.790746986866
1.0293317,0.728500008583
0.9595129,0.24119800329199997
0.69838196,0.335460007191
0.70826244,0.591246008873
0.8304994,1.0584269762
1.1369883,0.766991972923
0.8997343,0.588123977184
0.84361935,0.5922303199769999
0.8469409,0.875351011753
1.0584215,0.7038279771799999
0.8941549,0.567749977112
0.83718544,0.713387012482
0.9571509,1.07750594616
1.1630791,0.690941989422
0.97809774,0.772458016872
1.0113624,0.7237120270730001
0.9354168,0.9752489924429999
1.1045657,0.9151769876479999
1.0752423,0.757400989532
0.98963165,0.691206991673
0.94412196,1.1835279464700001
1.2499527,0.7705749869349999
1.0273926,0.8947700262069999
1.0997671,0.614335000515
0.9695877,0.769231975079
1.0435162,0.907074987888
1.0916594,0.40680998563799997
0.83079046,0.513888001442
0.8932919,0.24814699590199998
0.69243896,0.256875991821
0.65128654,0.598065972328
0.8762735,0.598169982433
0.8545387,0.880114018917
0.95943207,1.08564901352
1.0782999,0.9920129776000002
1.0466845,0.8743849992749999
1.0123354,0.8770260214810001
1.0685642,1.008928895
1.0918232,0.808875977993
1.127667,0.6714209914210001
1.039511,0.744962990284
1.0137748,0.694267988205
0.9732852,1.00188601017
1.1480887,0.793558001518
1.0366019,0.845004916191
1.0483577,0.803124010563
1.0395739,0.5744469761850001
0.9171562,0.567972004414
0.93757635,0.453808009624
0.80104804,0.8494881391529999
1.0457301,0.40645998716399995
0.78296566,0.24535199999799998
0.6701812,2.32321810722
2.1646574,2.02711558342
1.7666252,1.5811179876299999
1.5737593,1.72704994678
1.7232735,1.15064203739
1.5738554,1.6079339981099998
1.8240485,1.33123397827
1.568487,1.22164201736
1.5616145,1.58354198933
1.7378649,1.60866212845
1.8783977,2.18565392494
2.1819003,2.98955988884
2.5788448,0.75744998455
1.323272,1.8113440275200001
2.0253608,1.5279519558
1.903733,0.889223575592
