predict,actual
0.95336944,0.7274609804150001
0.79217744,0.789277017117
0.8272415,0.623775005341
0.7852802,0.691469013691
0.8219237,0.8557710051540001
0.8836243,0.709383010864
0.8398616,1.01454794407
0.9687552,1.1157310009
1.0133941,0.41828301549
0.6077416,1.00228095055
0.9964746,1.21886098385
1.1426995,1.14329600334
1.0055952,0.652818977833
0.754063,0.6746559739110001
0.8395938,0.6009536385540001
0.78575134,0.6694570183749999
0.7302633,0.653807997704
0.82539093,0.781412005424
0.8673963,1.20630395412
1.0644777,0.846925973892
0.8175125,0.82864099741
0.8793385,0.648239016533
0.7756817,0.56237000227
0.7006628,0.718330979347
0.82144916,1.09964799881
1.030266,0.954171001911
0.9493548,0.729013979435
0.79436696,0.669449985027
0.8285718,0.863121986389
0.8220491,0.646466016769
0.79267395,0.822318017483
0.8882202,0.9235979914670001
0.9099863,0.8300920128820001
0.8405411,1.06731402874
1.0426539,1.54617500305
1.271427,0.682727992535
0.74679804,0.6385620236399999
0.80418915,0.6464239954950001
0.82151186,0.688109397888
0.8322814,0.727398991585
0.7751496,0.650035023689
0.79648185,0.869369029999
0.90614116,0.44085800647699996
0.57906127,0.451860994101
0.64660335,0.757507026196
0.8205578,0.495238989592
0.64073646,0.685087025166
0.78297716,0.724381327629
0.78944397,0.8653740286830001
0.8213424,0.740046977997
0.8071395,0.807075977325
0.81198114,0.8204330205920001
0.8729158,1.11441195011
1.02667,1.1086050272
1.0097421,0.475149989128
0.6518415,1.0392680168200001
1.0590446,0.9457899928090001
0.9396614,0.787750005722
0.85679287,0.350454986095
0.57495004,0.9367713332179999
1.0113909,0.986805975437
0.9249755,0.647023975849
0.7878747,1.02977705002
0.95405746,1.1874469518700002
1.1027361,0.9328820109370001
0.8730395,0.7528370022769999
0.87574077,0.642004013062
0.77008593,0.23073400556999996
0.5878904,0.47149971127499996
0.600702,0.8772729635240001
0.92859364,0.787630975246
0.7832382,0.27422198653200003
0.5895274,0.39922699332199996
0.5400893,0.992351233959
0.98310554,0.7627239823340001
0.70395887,0.7200859785079999
0.8307477,0.626478016376
0.73414063,0.726989030838
0.76703554,0.9301019906999998
0.8999235,0.687269985676
0.76977074,0.866255283356
0.89396507,0.835203826427
0.85635394,0.940249979496
0.90785617,1.0233579873999998
1.0212979,0.732262969017
0.8114999,0.930074989796
0.9352231,0.8702930212019999
0.85898745,0.510402023792
0.7577506,1.0258179903
1.0108453,0.455123990774
0.6276707,0.734534978867
0.8094866,0.7012919783589999
0.80220133,1.01438605785
0.9931175,1.1237702369700002
1.0149328,0.48253700137100003
0.6238662,0.46893200278299996
0.6594793,0.875519692898
0.95244926,1.1454249620399999
1.0448875,1.9437874555599997
1.5545442,1.5570390224500001
1.1565295,2.10477590561
1.7602463,1.06224000454
0.97703695,0.786782979965
0.98090076,2.24797105789
1.7444471,0.5664669871329999
0.79090476,0.8389729857439999
1.0506002,0.31881898641600004
0.74551857,0.638668000698
0.8380958,0.754026651382
0.7630057,1.08582603931
1.0384122,0.601429998875
0.74323756,0.6923220157619999
0.7538325,0.878243982792
0.87410885,1.27922403812
1.1200403,0.725166976452
0.7757749,0.428310990334
0.6624958,0.701224982738
0.82053405,0.8846225738529999
0.89333296,0.7809653878210001
0.83752126,0.92597001791
0.92047626,0.917864024639
0.95093256,0.90730202198
0.91182333,0.409945011139
0.61135966,0.87414598465
0.8576588,1.2313439845999998
1.1690226,0.7683960199359999
0.7988069,0.9357339143749999
0.95888215,0.752327024937
0.8033757,0.624783992767
0.7757291,1.9779472351099998
1.6041263,2.47647929192
1.6699619,0.682259976864
0.9480804,1.29407799244
1.1715052,2.1165060997
1.8172798,2.03023004532
1.4757226,1.72759306431
1.523078,1.32161903381
1.275823,1.11427497864
1.2272593,1.6184829473500002
1.3498827,1.10235404968
1.1200911,0.850126981735
1.0156631,0.653181314468
0.89765775,0.616827607155
0.7909556,1.02320480347
1.0590446,1.17678105831
1.060924,1.10875403881
1.0911295,0.983811020851
0.96382374,1.82992756367
1.5174246,1.34213101864
0.99039763,1.26566958427
1.3149661,0.793037712574
0.9192917,1.0306893587100001
1.0907261,0.821023225784
0.84684527,1.0991692543
1.1368665,0.525535523891
0.71053416,0.775839388371
0.88780165,0.720975995064
0.82827693,0.8666771054269999
0.8760119,0.846204102039
0.8714313,0.7614132165909999
0.8210967,0.658724606037
0.77416325,1.07865929604
1.0351331,1.2819403409999999
1.0731543,0.660000503063
0.7586792,1.1125005483600001
1.1278543,0.628070473671
0.76438177,0.686457574368
0.81759554,0.900040984154
0.84304583,0.734256923199
0.8555964,1.0111212730399999
1.0136364,0.882759988308
0.8575368,0.7521411776540001
0.8268975,0.9489411115649998
0.92944944,0.6799052953720001
0.7747259,0.721156597137
0.8650272,0.6504104733470001
0.7114899,0.716710627079
0.85523885,0.9056316018100002
0.9423288,0.6526464819910001
0.71959716,0.7056654095649999
0.7872663,0.658105790615
0.74171406,0.659279406071
0.77400225,0.663406431675
0.76836926,0.7808002829549999
0.81775147,0.756590723991
0.8164059,0.9280405640600001
0.9072935,0.707382977009
0.77179754,0.38883998990099994
0.61680627,0.342241793871
0.58394694,0.23373000323799997
0.53608996,0.145912706852
0.42145005,0.394953489304
0.5772548,0.967840969563
0.94294226,0.783922016621
0.73942965,0.8333759903910001
0.8253435,0.9723259806630001
0.90414315,0.6905210018160001
0.7176008,1.3453240394600001
1.1524743,0.7227010130879999
0.8232082,0.6804850101469999
0.82278794,0.7610610127449999
0.8800045,0.8075709939
0.799539,0.588663995266
0.7590842,0.9960750937459999
0.99255663,1.0454139709499999
0.95332706,0.47130599618
0.633807,1.04714095592
1.041405,1.12621426582
1.0291815,2.5604617595700003
1.727897,0.7747610211370001
0.9366415,0.717206001282
0.8952073,0.800508022308
0.93236256,0.568039000034
0.8449438,1.19578003883
0.9533525,0.797044992447
0.8706738,0.48993599414800004
0.7030065,0.9918130040169999
0.9510122,0.744569003582
0.7418344,0.6096370220180001
0.7073363,0.856591999531
0.8905402,0.814429998398
0.8661355,0.760592997074
0.8190394,0.915751993656
0.9000438,0.742163479328
0.829797,0.732936024666
0.78037924,0.8745691180230001
0.9463553,0.9644910097120002
0.9230335,1.4776719808599998
1.1577954,0.6752679944040001
0.87695414,0.5030400156970001
0.7127592,0.706665992737
0.8399548,2.9681959152200004
2.152633,1.2553009986900001
0.9233639,4.08481502533
3.043624,1.6923229694400002
1.1315588,0.412105202675
0.81169134,1.03575098515
1.132113,0.640892028809
1.1705071,0.706547021866
0.81840897,1.06083035469
1.1187524,1.88095402718
1.5812536,1.88637399673
1.4927182,1.32877397537
1.1013483,0.39318400621399996
0.6588438,0.6382430195809999
0.8560269,1.04553198814
1.1543062,0.658802986145
0.7610026,0.80467402935
0.9485668,0.8740410208700001
0.9311949,0.853255033493
0.85672337,0.8952109813689999
0.8869577,0.730158984661
0.8080055,0.414941012859
0.66038257,0.270094007254
0.5486456,0.49113199114799994
0.6360677,0.507916986942
0.69735146,1.22402000427
1.0453824,1.2676579952200002
1.1485901,2.6334879398299997
1.8363955,3.99961543083
2.7386408,6.65141820908
4.147343,2.10267806053
1.427874,1.28368997574
1.6909977,1.29134750366
1.530609,1.3537540435799997
1.6400615,2.39019107819
2.181793,1.46144104004
1.1256766,1.599208951
1.5512346,1.4711509943
1.3212227,1.29820501804
1.1299049,1.57962203026
1.3427669,1.3603550195700003
1.2863078,0.803641021252
0.9064852,0.427668988705
0.7915301,0.269407004118
0.6334359,0.389717012644
0.7041673,0.417917013168
0.5924948,1.54603600502
1.3159168,1.01761102676
0.89456666,0.865315020084
0.8468368,0.619410991669
0.68184364,0.845414996147
0.92355883,0.804859638214
0.8361605,1.4358890056600002
1.2681513,2.56575202942
1.9291557,6.206179142000001
3.9566422,0.9309499859810002
0.64732355,0.907775998116
1.3168421,0.460979789495
0.98567295,0.5264570117
1.0657419,0.794224977493
0.88667977,0.9704009890559998
1.0615307,0.669588983059
0.85933656,0.6997730135920001
0.73179185,0.6903669834139999
0.7048689,0.63616001606
0.7155825,0.9726700186730001
0.94227284,0.639338970184
0.7607789,0.512377977371
0.6721808,0.569913029671
0.72897536,0.83180898428
0.83357614,0.46941101551100006
0.6508112,0.9054309725759999
0.88774234,0.848275005817
0.8667625,0.656663000584
0.7460337,0.63240557909
0.7304243,0.326855003834
0.5306586,0.304740995169
0.57396543,0.21594800055
0.5204771,0.214847996831
0.4551262,0.151231005788
0.44394657,0.415333837271
0.5668428,0.734420001507
0.75495607,0.9913370013239999
0.8726531,0.791000008583
0.7859191,0.742917001247
0.7410684,0.74265486002
0.78210783,0.8799139857289999
0.8797503,0.73768299818
0.8140876,1.24034297466
1.1314046,0.8343409895899999
0.84414566,0.305472999811
0.5961671,0.892946004868
0.9198577,1.28586602211
1.1490018,0.41464000940300005
0.5586983,1.09013700485
1.0905516,0.592383027077
0.75610167,0.377326011658
0.60195774,2.6935973167400005
1.9554873,2.2886660099
1.5115577,0.895527005196
1.0554588,0.8070570230480001
0.94536054,1.19486296177
1.2447143,0.8929409980769998
0.9237537,0.977608025074
0.96012604,1.8325070142700004
1.6028266,1.4037929773299997
1.1686141,0.7223749756810001
0.8074954,0.6599410176280001
0.8157975,0.740734994411
0.91199785,0.555365979671
0.70383686,1.2367689609499999
1.1695869,0.6214020252229999
0.76243967,0.710873007774
0.82820743,0.30647799372699996
0.54422426,0.6473349928859999
0.7641716,0.545826971531
0.65944374,1.02424776554
1.0249788,0.8176820278170001
0.7398991,0.7440620064740001
0.8656525,0.736715018749
0.79666656,0.576856017113
0.7332374,0.9152600169179999
0.80836815,1.13702905178
1.1222569,0.49600800871799994
0.64751846,0.49413600564
0.6771003,0.8834533095360001
0.86192596,1.27152490616
1.1627032,0.886436998844
0.81601274,0.898828029633
0.99489695,0.9049779772759999
0.9260669,0.829931974411
0.89578176,0.8756300210950001
0.85122085,0.550292015076
0.76596624,1.07391941547
1.0466957,0.849192023277
0.84499466,0.6393229961399999
0.7974444,0.7995309829709999
0.86551523,0.9646000266079999
0.92608386,0.841355979443
0.8809417,0.701144993305
0.81343514,0.72400701046
0.83197635,1.01030802727
0.9435201,0.65380603075
0.7654036,0.793285012245
0.8708839,0.6538396477699999
0.7671474,1.1607899665799999
1.0614222,0.808578968048
0.83368963,0.374377012253
0.62708265,0.25569999218
0.5496082,0.489315003157
0.6607351,1.1518440246600001
1.0574534,0.737277984619
0.7975427,1.08875095844
1.0213895,1.9758529663099995
1.4757853,0.8547700047490001
0.78818315,0.7977370023729999
0.94661456,1.0524289608
1.091099,3.17945098877
2.321422,1.79706799984
1.310726,1.05670201778
1.136858,0.875126004219
1.0134416,0.664539992809
0.9679536,0.757168412209
0.8271246,1.36848402023
1.3071215,0.9052469730380001
0.9680299,1.0320609808
1.085893,0.614133000374
0.7257674,0.9733130335810001
1.0140381,0.645228981972
0.69468915,0.48943901062000006
0.71730256,0.8408679962160001
0.9008216,0.7771940231319999
0.84976006,0.675535023212
0.73981094,0.659205973148
0.7778949,1.08415305614
1.0115621,0.9314100146289999
0.9094661,1.3594796657600001
1.1770738,0.763398826122
0.79902893,0.535733997822
0.74523216,0.6781889796259999
0.82675004,0.7839810252189999
0.8633291,1.16936767101
1.0771079,1.01528799534
0.9023892,0.925943017006
1.0306253,1.31924402714
1.1495628,0.9717460274700002
0.92732096,1.1762996912
1.1228348,1.71460902691
1.3882107,1.30733704567
1.1815934,0.6186890006069999
0.801154,2.2984359264400003
1.7696601,1.80824100971
1.5343778,0.879414975643
0.9569655,1.57094502449
1.461845,1.5785160064700001
1.3388454,0.620030999184
0.7687387,0.9928810000419999
1.108964,0.455186992884
0.7896575,1.0173989534399999
1.0045683,0.8378469944
0.8716058,0.488476991653
0.7383417,1.2463409900700002
1.1122025,1.20963096619
1.098186,1.2524510622
1.1138108,1.51972699165
1.2777464,1.06379795074
1.011718,1.57149505615
1.3539244,1.27810502052
1.1832271,1.19207799435
1.187301,0.830443918705
0.9584653,1.40201568604
1.2684919,1.156504035
1.0996231,1.1625548601200002
1.178377,0.60075199604
0.80205894,1.25383579731
1.1806359,1.79184401035
1.4182433,1.73406255245
1.4756649,4.93997097015
3.2902892,2.39435100555
1.6390887,2.2125759124799997
1.9678617,1.88652706146
1.763339,0.9343829751010001
1.2724675,0.909982979298
0.9593939,0.8112999796870001
1.0492834,1.04970896244
1.2790072,1.35178804398
1.2513369,1.27730596066
1.0871131,0.7854449748989999
0.8810891,0.48462298512500007
0.71538085,0.6676359772680001
0.830902,0.832251012325
0.8773202,0.5959370136259999
0.7437985,0.341089010239
0.59434533,0.686011016369
0.7754546,0.8153510093690001
0.84791625,0.39854300022100003
0.57751745,0.699815988541
0.7639801,0.42636901140199995
0.58084065,0.686613976955
0.7891118,0.182677000761
0.49232215,0.701882481575
0.72085625,1.7966820001599997
1.2692782,0.720426976681
0.8741597,0.46806401014300003
0.68324345,0.6408870220180001
0.714342,0.7520520091060001
0.9174462,1.00181758404
0.80306727,1.6608040332799998
1.3270506,1.45059502125
1.2485814,1.0850100517299999
0.9595617,1.09955501556
1.0299203,0.769418001175
0.87978256,1.25443041325
1.2247834,1.49632096291
1.2832303,0.718636989594
0.8438576,0.890201985836
1.0039396,0.989175975323
1.0595411,2.84901452065
2.0745385,4.28107500076
2.7758942,1.24873900414
1.1905141,0.70965898037
0.9331827,0.7497439980509999
1.0321336,0.8907449841499999
1.2033867,1.46952795982
1.2658516,1.60888803005
1.287011,1.04346096516
1.3066317,1.18475103378
1.0799414,0.506372511387
0.71055615,0.694615602493
0.8237776,0.929911017418
0.86102444,0.775462985039
0.8997455,0.856469631195
0.89689004,0.926900982857
0.8731852,0.7506660223010001
0.82605016,0.9248849749570002
0.9137671,1.07016265392
1.0270902,0.8752880096439999
0.85574895,0.7511039972310001
0.8645866,0.8627579808239999
0.9250348,0.509657025337
0.6692422,0.8495249748229999
0.8845547,0.671136975288
0.7511109,0.613218009472
0.7243201,0.381054997444
0.6359694,0.871042013168
0.8734479,0.654031991959
0.70971733,0.9089673757549999
0.90158933,0.9709029793739999
0.89977944,0.9856920242310001
0.9519578,1.35625624657
1.173083,1.30987298489
1.1085912,0.634491980076
0.7699927,0.593350827694
0.7804335,0.879638016224
0.9914449,1.13183641434
1.0235807,1.84127402306
1.4551139,2.26174592972
1.736694,2.5979759693099997
1.9321197,2.3991920948
1.7548218,1.98229801655
1.6456538,2.2695479393
1.9236821,2.0178899765000002
1.6843276,1.45226204395
1.4464236,1.34279799461
1.481642,1.3119150400200001
1.3934132,1.2767620086700002
1.300975,1.2752670049700001
1.1947287,1.2104460001000001
1.2216991,0.815348029137
0.9008945,0.72711199522
0.89458704,0.604301989079
0.80598205,0.9830358624459999
0.9772505,1.10152900219
1.0171782,1.1837249994299999
1.1597952,0.435640007257
0.6128984,0.327004015446
0.59649926,0.803984999657
0.801154,0.421685993671
0.68586504,0.573455989361
0.718699,0.39594578743000003
0.5831369,0.416375011206
0.58062714,0.560397028923
0.69563985,0.774905025959
0.78896606,0.637084007263
0.7116187,0.383926004171
0.56187916,0.564873993397
0.67185026,1.05471503735
0.997666,0.6537709832190001
0.6913083,0.593102991581
0.72811276,1.02260899544
0.960848,0.8359869718549999
0.8596145,0.637534022331
0.7301921,0.9755985140799999
0.96015143,0.48980799317400003
0.6441444,1.0986479520799999
1.0750625,1.1511659622200001
1.038419,0.8061249852179999
0.84649783,0.47447699308399993
0.67227054,0.789602994919
0.8668998,0.476253002882
0.65079933,0.545522987843
0.7380943,0.6212809681889999
0.7566253,0.7707700133319999
0.8079191,0.933706998825
0.89282286,0.8110550045970001
0.8215526,0.600552976131
0.7525988,1.00252103806
0.9534999,0.8921650052069998
0.8512751,0.9160850048070001
0.94607735,0.741342008114
0.82269984,0.9283249974250001
0.92154896,0.642940998077
0.7203733,0.9950090050700001
1.0477684,0.627136588097
0.7260504,1.0386890173
1.009415,0.6888009905820001
0.7781406,0.5214130282399999
0.7146318,0.651027023792
0.71839225,1.1597019434
1.1169187,0.645640015602
0.7169433,1.19586265087
1.0933189,1.30470395088
1.1203386,0.8844429850579999
0.8853444,0.7697709798810001
0.8655932,0.770210027695
0.8756408,0.641828000546
0.82170844,0.893715977669
0.83249325,0.5247250199319999
0.7440493,0.514221012592
0.7024354,0.717274844646
0.79299426,0.641076982021
0.65762705,0.4689820110800001
0.7134862,1.2037500143100002
1.0668485,0.7911959886550001
0.79506177,1.13630115986
1.0223402,0.8642929792399999
0.82617724,0.8814030289650001
0.9397156,0.58174097538
0.7214189,0.865119993687
0.93660766,0.907812476158
0.842329,0.7377740144730001
0.82875144,1.1203750371899999
1.0904431,0.9422479867940001
0.9059107,1.06006002426
0.9848917,0.715842008591
0.805694,0.404020994902
0.67311114,0.29207798838599996
0.5714997,0.631792426109
0.76329887,1.12466526031
1.0639693,1.11569094658
1.0081711,1.24741899967
1.0986198,0.697616994381
0.76246506,3.69397497177
2.5859406,0.820483982563
0.58940375,0.85730701685
1.2059728,0.690235972404
0.9058632,0.8385969996449999
1.0865657,1.28772699833
1.1096452,0.9632229804989998
0.8374789,1.34329998493
1.345646,0.7316169738770001
0.7401889,0.6809219717980001
0.81634825,0.701478421688
0.74035156,0.669803023338
0.79574466,1.36564302444
1.2365392,0.9781420230869999
0.9270481,0.67867898941
0.78812385,0.597633004189
0.7467133,0.819377481937
0.8925297,0.791110992432
0.8255045,1.0441473722499999
1.0223283,1.4000159502
1.1961471,0.874862015247
0.88658315,0.622817993164
0.73581326,0.7164059877399999
0.85761136,0.6523500084880001
0.7463269,0.9379299879069999
0.9597295,0.593699991703
0.7295668,0.539344012737
0.7235033,0.9370089769359999
0.90421265,0.808772027493
0.8417257,0.56542801857
0.70821756,0.602082014084
0.73674023,1.14667999744
1.0203353,0.9824249744419999
0.9419848,0.567151010036
0.72279155,0.786639988422
0.86394936,0.7388439774510001
0.78364825,0.681029975414
0.78124523,0.708697974682
0.82107127,0.6642330288889999
0.7724025,0.512479007244
0.6486725,0.604038000107
0.7380333,0.672879993916
0.78558016,0.8265414834020001
0.8277177,0.454686015844
0.61644024,0.559450984001
0.68910354,0.133221805096
0.47720245,0.163306996226
0.42254648,0.17978604137899998
0.452147,0.57479184866
0.660269,0.8508148789409999
0.8711178,0.852764010429
0.79305357,1.6876280307799998
1.3341682,2.1495220661200003
1.4747345,0.812285006046
0.85606927,1.2396399974799999
1.1985773,2.12843728065
1.7895875,2.1392390728
1.5233084,0.9779880046840002
1.087708,0.6937779784199999
0.9684654,0.721879005432
0.98995703,0.7631160020829999
0.8589044,0.856532990932
0.9491701,1.1093380451200001
1.105529,0.647634029388
0.7794218,0.9241870045659999
0.91489744,0.7877320051189999
0.83289146,1.3055670261399999
1.1828679,0.910771012306
0.88097554,0.869964003563
0.9297121,0.574302017689
0.7598926,0.859953224659
0.9019808,0.47758498787899994
0.6376878,1.1080174446100002
1.1050358,1.29072499275
1.0642405,0.859157979488
0.9549014,0.305898010731
0.54828465,0.903901994228
0.9308068,0.635275006294
0.7347677,1.0234229564700001
1.0082983,0.673066973686
0.7419547,0.850479006767
0.91882056,0.51419699192
0.6491945,1.52795660496
1.3121377,4.09438562393
2.6648927,0.9952359795569999
0.8595738,0.8670449852940001
1.1175288,1.14105606079
1.1904091,1.6222579479199999
1.5741411,1.9802049398400003
1.4675967,1.3755470514300001
1.2208315,1.8518650531799998
1.5937619,1.42092394829
1.2766076,1.5891779661200003
1.3889512,1.67319941521
1.4487352,2.12393403053
1.6467943,1.64840197563
1.5692962,1.2047419548
1.2118769,0.792083978653
0.98785734,1.22702741623
1.2568175,1.2269510030700002
1.1186134,1.13134396076
1.1698852,1.25246500969
1.2012396,1.1168919801700001
1.0504069,1.1223870515799999
1.0870606,1.0401530265799999
1.0464482,0.809131026268
0.9096152,0.7681059837340001
0.90834254,0.7982919812199999
0.91805625,0.766672253609
0.84472185,1.05736005306
1.0428658,0.8607699871060001
0.89942527,1.0707770586
1.0336452,0.53015100956
0.660508,0.660418987274
0.799073,0.990917980671
0.9916042,0.356153011322
0.5978482,0.961823999882
0.9680299,1.24482905865
1.122228,0.8381230235100001
0.807209,0.9245989918709999
0.9607497,0.8131660223010001
0.8689588,1.00306105614
0.9674791,0.875234007835
0.90884584,0.7991399765009999
0.89277714,0.881296157837
0.9242672,1.06308019161
1.0125163,0.9057049751280001
0.9030247,0.690955996513
0.8327305,1.3559700250600002
1.2187945,0.757239997387
0.79207236,2.04375457764
1.678298,0.8576130270960001
0.75705236,2.36495709419
2.0135105,4.17923116684
2.8790562,2.23356199265
1.5463065,0.8013390302660001
0.9678181,0.83728402853
1.2207992,0.8851529955859999
1.2350479,0.9040349721909999
0.93916994,1.30293953419
1.3866702,0.722869992256
0.9188748,0.800912022591
0.92006105,1.03291928768
1.0120214,1.3216282129299999
1.1537486,0.93677598238
0.9276192,0.700770020485
0.8272551,0.762431979179
0.9031382,1.14493894577
1.099035,0.772161006927
0.7754258,0.8772150278090001
0.96639454,1.2435050010700002
1.1502864,0.638184010983
0.66489375,0.746819972992
0.90820867,0.683992981911
0.83879393,1.4195051193200001
1.2519894,0.614147007465
0.6092684,0.7347676754000001
0.89387184,0.6770560145379999
0.82430977,1.07402694225
1.0126213,0.615638971329
0.6784391,0.9692379832269999
0.99459356,0.9916120171549999
0.9593736,0.808956027031
0.84128,2.4351439476
1.7686247,0.822347998619
0.8591213,0.593822002411
0.8359503,0.576224982738
0.7515312,0.42242398858099994
0.7891847,0.676587998867
0.6656326,0.552034974098
0.7626227,0.9015229940410001
0.93900555,0.748996019363
0.7512821,0.8627583980560001
0.8429916,0.9480749964709999
0.89309067,1.05561387539
1.0313557,1.9700200557700003
1.4853617,0.9391199946400001
0.9112014,1.00904297829
1.0430945,0.7824029922490001
0.93939364,1.01626503468
0.97961116,0.878274977207
0.9067953,0.735361993313
0.8901758,1.1099909544
1.0871623,0.772719979286
0.8209933,1.16498196125
1.0933393,0.715721011162
0.76037556,1.47547900677
1.335612,0.835452020168
0.8431662,0.734466016293
0.8726345,0.786192774773
0.8964342,1.14346504211
1.0357313,0.924699008465
0.9738866,2.95876455307
2.2032218,2.13832402229
1.4500045,2.03871202469
1.7505851,1.4802099466299998
1.3017257,0.9367650747299999
1.1313622,1.71593976021
1.4893984,1.00140202045
1.0854982,0.889622986317
1.1238295,0.749293982983
0.9430609,1.1151839494700002
1.0845492,0.9457820057870001
0.91275203,0.645218014717
0.8486026,1.16484200954
1.1494137,1.2443510294
1.0726849,0.9045109748839999
0.89168066,0.5575259923929999
0.73842645,0.577834367752
0.7718416,0.719983577728
0.81946814,0.76077902317
0.85766053,0.540440022945
0.7107816,0.8009672760959999
0.8449642,0.771014988422
0.77737635,0.670971989632
0.77569693,2.7689704895
2.0032527,3.08613300323
2.054943,1.11635804176
1.0361363,1.01826095581
1.0739576,0.744261026382
1.0030991,1.1143867969499999
1.182412,1.3805164098700002
1.2118176,1.22909843922
1.1965928,1.57323896885
1.3737366,1.24559795856
1.0909634,0.829861998558
0.864229,0.537698030472
0.7867342,0.8593800067899999
0.93492484,0.794964790344
0.8504006,0.812288999557
0.854095,1.20946097374
1.1697648,1.04361104965
0.93967324,0.9914460182189999
0.9375499,1.37764596939
1.2126971,0.7495359778399999
0.7973156,0.754966974258
0.88653743,0.852221012115
0.9395428,1.31262803078
1.1844608,0.949999988079
0.9244807,0.8433979749680001
0.94233555,0.632993996143
0.7754224,0.6848490238189999
0.7818214,0.829603970051
0.9126673,1.11777603626
1.0164088,1.0605150461200001
1.0313947,0.9966710209849998
0.98636264,0.6726049780850001
0.78764933,0.84998100996
0.8196071,0.792970001698
0.8975679,0.7509549856190001
0.85100734,0.9556260704989998
0.96423215,0.6085839867589999
0.6999425,0.778249979019
0.85688096,0.509814023972
0.682247,0.636431992054
0.76224136,0.6015599966049999
0.7358319,0.65563338995
0.73984826,0.638554990292
0.73132753,0.8762890100480001
0.8900403,0.7967479825020001
0.8189987,0.682483017445
0.7454508,0.802550017834
0.84609455,0.795031189919
0.8187208,1.58489704132
1.296779,1.0174859762200001
0.9673639,0.917778015137
0.9420746,1.2302210331
1.0975862,1.0278990268700001
1.0220283,0.9125559926029998
0.9543371,0.793597996235
0.8802503,1.0304379463200002
1.0510628,0.532537996769
0.68784106,0.612778007984
0.78174686,0.874128997326
0.9302307,0.366723001003
0.56471264,0.7391750216480001
0.8125929,0.560423016548
0.7051451,0.775817811489
0.8240403,0.8102909922600001
0.793506,0.6437510252
0.75388503,0.723645746708
0.7814706,0.9113870263100001
0.88044685,0.662783026695
0.7547917,1.0020359754600001
0.96890265,0.8224419951440001
0.81349784,1.0305769443500001
1.0365294,0.678113996983
0.7290482,0.533345997334
0.7302565,0.320995986462
0.49507254,0.7608630061149999
0.85153776,0.7439860105509999
0.8092494,0.546840012074
0.6683695,0.7004669904709999
0.7499687,0.8356525897980001
0.84000903,1.27425897121
1.0535878,0.893445014954
0.9148161,0.621165990829
0.75709134,0.790015995502
0.85160553,1.06749498844
0.9635035,0.66980099678
0.7995865,1.26569497585
1.1657654,0.638062000275
0.71166277,0.9348030090330001
0.9285343,0.8006410002709999
0.87465787,1.08570897579
0.9948291,0.352703988552
0.599148,0.588370978832
0.7297329,0.48754200339299997
0.72586906,0.46368801593799996
0.59132713,0.363703995943
0.5971974,0.875024318695
0.87546116,0.6435279846190001
0.67178756,0.4834130108359999
0.6674916,0.212089002132
0.46213698,0.45604699850100006
0.59760416,0.43679100275
0.60448784,0.723880410194
0.7682642,0.556069016457
0.6416414,0.474842995405
0.62818414,0.267464011908
0.4999464,0.958843708038
0.8506667,0.78689801693
0.80840206,1.7943609952900001
1.449774,1.33767795563
1.059431,1.2104539871200002
1.0891587,0.56547999382
0.70862085,0.40084299445200006
0.7162451,0.272765487432
0.57529235,0.583644986153
0.7455423,0.853380262852
0.9652778,0.866061031818
0.8642036,1.15834999084
1.0136957,0.7764859795569999
0.7737125,1.06880700588
1.033108,0.5888479948040001
0.67468375,1.5888684988
1.3495997,0.432785987854
0.60720944,0.399603009224
0.698697,0.554534971714
0.7546883,0.6221979856490001
0.8126048,1.14955198765
0.9284038,1.12126004696
1.051439,0.9776459932329999
0.9225115,1.73274195194
1.3603963,2.30270791054
1.7360467,1.05347704887
0.91559225,0.796280026436
0.97900784,0.520332992077
0.8193156,0.610480010509
0.882294,0.445305794477
0.6580931,0.652213871479
0.84031236,1.17554116249
1.1006348,1.0322021246
0.96699613,0.7193930149079999
0.75540346,0.820013999939
0.8640172,0.9497330188750001
0.9248993,1.0391149520899998
1.0150344,0.58838301897
0.7200818,0.950855970383
0.96263075,0.527760028839
0.6601928,0.773606300354
0.863885,0.970355987549
0.92509925,1.38388991356
1.23901,0.779523015022
0.71094257,0.606999993324
0.8054042,0.466057002544
0.7001154,0.945527017117
0.9820091,0.623872995377
0.69027793,0.39232400059699996
0.5890699,0.5156549811360001
0.7082701,0.967938542366
0.94468606,1.3565659523
1.0760437,0.9072690010069999
0.90487015,0.816276013851
0.8554575,2.47986698151
1.8606579,1.1330800056499999
0.9114878,1.04558396339
1.1533809,0.847437024117
0.9586144,1.5365229845
1.3994665,0.900898993015
0.86142266,0.48120099306100006
0.7798607,0.85725402832
0.9937598,0.861747980118
0.8776252,1.0086940527
0.9750441,1.12772703171
1.0670552,0.77955698967
0.8094883,0.989550292492
0.9847324,0.8363329768179999
0.848867,0.9099559783939998
0.9750779,0.551105976105
0.71506053,1.23976433277
1.1494595,1.21183896065
1.0634354,1.37998199463
1.247207,1.14846098423
1.0143481,0.766390025616
0.8817483,0.9660840034479998
1.0331266,0.815675020218
0.895497,1.1422729492200001
1.0794703,1.2994799614
1.1895024,0.858331024647
0.9070834,0.714946985245
0.82605183,0.8764400482179999
0.9597125,0.830546021461
0.8480603,0.853524029255
0.93963766,0.909241020679
0.9514257,0.520272016525
0.683601,0.741104006767
0.8111169,0.585331976414
0.75246835,0.504777014256
0.68578374,0.5519493222240001
0.6972345,0.969752013683
0.92628044,1.11651599407
1.0294288,1.0498449802399998
0.96274936,0.634262979031
0.7145369,0.5644329786300001
0.723461,0.9184709787369999
0.9594821,0.9593539834020001
0.9158363,0.598415970802
0.7577455,0.9383450150489999
0.95860934,0.45422500371900004
0.6263946,0.7079470157619999
0.7991848,0.38765001296999996
0.6287332,0.448433995247
0.61731803,0.840570986271
0.8672082,0.533711016178
0.66637146,0.721135020256
0.78613937,0.521538615227
0.6471846,0.705075979233
0.7367301,0.640564978123
0.7721788,0.516858994961
0.6390045,1.66040945053
1.3782207,2.46530795097
1.7718614,1.62215602398
1.2721727,1.8662700653100002
1.5410514,3.62353610992
2.6215284,0.794870972633
0.67169946,0.906598985195
1.2717456,0.8571879863740001
1.1487138,0.775637984276
1.1243057,0.700670003891
0.7855344,0.6443409919740001
0.8483196,0.7579550147059999
0.8976357,0.549960017204
0.6625907,0.49646699428599994
0.62458134,1.36767756939
1.1973011,1.3978940248500002
1.038519,0.814813017845
0.9436709,1.27889895439
1.1454668,0.862398028374
0.9499039,1.09386599064
1.0191,0.813471019268
0.79452795,1.46668708324
1.3320465,0.9060310125350001
0.84865683,0.7652140259739999
0.9250467,1.3110339641600002
1.205827,0.789250016212
0.82941407,1.47490203381
1.2796868,0.9167850017550002
0.8906927,1.18614006042
1.1822239,1.4113919735
1.2468308,2.09247207642
1.6053109,0.718922019005
0.7651003,1.3018610477399999
1.2874889,1.26897478104
1.246458,1.2219970226299999
1.0879741,0.906111001968
1.0159581,1.0788739919700001
1.1430893,1.0280250310899999
1.06331,0.7863690257070001
0.81590766,1.27685296535
1.2307892,0.709342002869
0.7932942,0.520192980766
0.7419581,0.564561009407
0.7320647,0.9855200052259999
1.0069951,1.09284198284
0.978491,0.47868999838799997
0.6782171,0.39550599455799995
0.6274402,1.85070300102
1.4897288,1.1957960128799998
1.0015247,1.70251083374
1.4617349,2.9983510971099996
2.157312,2.40708088875
1.7381073,2.5859439372999997
1.994183,2.23383903503
1.7845799,1.65577304363
1.5630684,1.4306110143700002
1.4730467,0.8921740055080001
1.2003652,1.23169696331
1.2806222,0.895507991314
1.0639117,1.60203301907
1.4861633,1.58539903164
1.3976464,1.2320599556
1.133345,1.21037101746
1.1705273,1.24214100838
1.1604866,0.9857040047650001
1.0303321,0.728968977928
0.9036229,0.6761519908910001
0.85328496,1.07157301903
1.0822359,0.9457439780239999
0.9621545,0.43763700127599997
0.6565374,0.514182031155
0.69468063,0.338719010353
0.63040245,0.714428007603
0.74208856,0.499619990587
0.65772533,0.79173797369
0.8451048,0.864624321461
0.8605025,0.602496027946
0.617196,1.2600699663200001
1.1251005,1.01233994961
0.9298697,1.00452899933
0.9840884,0.631023526192
0.722273,1.1412210464499999
1.0490987,0.542609989643
0.7465828,0.854745984077
0.9209338,0.7744219899179999
0.8622293,0.308434009552
0.52245814,0.837620973587
0.8916824,0.7293469905850001
0.82288796,0.7503905892370001
0.7770086,1.13482201099
0.99501216,1.61424005032
1.3517315,1.2447930574400001
1.0461737,0.714163005352
0.7976393,0.729304015636
0.8973171,0.648698985577
0.74184793,0.342799007893
0.6532159,0.386186003685
0.64031786,0.636629998684
0.7852175,0.39904800057400003
0.55465657,0.417885988951
0.6029728,1.10379052162
0.9928057,0.695618987083
0.6786882,0.8070139884950001
0.85045654,0.594769001007
0.6925488,1.1076079607
0.98886055,0.971358001232
0.9392276,0.717034995556
0.8022555,0.67648100853
0.80441964,1.6877729892700002
1.3466934,0.990756988525
0.93790746,0.808203995228
0.90176725,1.08771896362
1.0635728,1.5648180246399999
1.3155304,0.667380988598
0.75264627,1.2564899921400001
1.218281,1.09188604355
1.0568703,0.737550973892
0.86376804,0.6224380135540001
0.79240453,0.8364729881290001
0.8745054,0.577426016331
0.7727533,1.0157610178
0.9813312,1.10615897179
1.0575432,0.6945540308949999
0.75497305,1.13090395927
1.0273325,0.951821982861
0.9475331,0.752457022667
0.84744346,0.558522999287
0.74086505,1.4158363342299998
1.2227329,1.8552980423
1.3629026,0.7845479846
0.93010694,0.8210539817810001
0.9256805,0.583589017391
0.78868645,0.835972011089
0.8945938,2.18466305733
1.6498718,0.680548012257
0.7081159,1.238904953
1.2258561,1.03032803535
0.9466705,0.791410982609
0.88192624,0.842372000217
0.91549563,0.446471005678
0.7611958,0.558933794498
0.6575339,0.709932982922
0.77037406,0.7334340214730001
0.8487517,0.7833399772640001
0.79107255,0.842680990696
0.84681135,1.09976100922
1.0319692,0.8706315755840001
0.8323272,0.586246013641
0.70548236,0.8863990306849999
0.9410442,1.0193990469
0.9789994,0.849361002445
0.88003504,1.0106669664399999
1.0209048,1.33151602745
1.1935899,1.2150089740799999
1.0521305,1.64559102058
1.3646804,0.970878005028
0.9583331,1.4112720489500001
1.3372152,0.7953929901119999
0.8185327,1.04633104801
1.118127,0.887933969498
0.98502725,0.8349300026890001
0.950841,0.9847199916839999
0.9670216,1.09039402008
1.0709428,0.490164995193
0.64280224,0.6141669750209999
0.7883424,0.631474018097
0.7903455,0.825244009495
0.8601568,1.05145096779
0.9762388,1.0471149683
0.9923702,0.39214301109300004
0.591639,0.46951499581300005
0.6446206,0.772090017796
0.8548135,0.7520099878309999
0.7943246,0.687739372253
0.80706495,0.6718119978899999
0.7132236,1.18593323231
1.1043258,0.657198011875
0.679178,0.8213180303569999
0.88024515,0.7795739769939999
0.83749586,1.03012299538
0.98678803,0.621188998222
0.71872103,0.8660820126530001
0.92651427,0.9608931541440001
0.95450485,0.6760399937630001
0.74386793,0.740238010883
0.84310514,0.598470985889
0.7442069,0.615105986595
0.73712665,0.935873568058
0.92772424,0.58182477951
0.7157282,0.715665996075
0.77475303,0.6529520154
0.75901645,0.9700022935870001
0.96273243,0.7834500074390001
0.77715266,0.744813024998
0.81461465,0.8276180028919999
0.8916078,0.8943400979039999
0.9049634,2.50501704216
1.7300425,1.62071204185
1.4123781,1.41758596897
1.2374933,1.04987204075
1.0735102,1.22650754452
1.1946203,1.0431790351899999
0.97315115,0.9694439768790001
1.1093876,0.819225013256
0.96216303,0.8129550218580001
0.9251636,0.671208024025
0.7906895,0.528989970684
0.75128543,0.346193015575
0.5915305,0.478949010372
0.6745244,1.15381097794
1.0668163,0.9671270251270002
0.89205015,0.784583985806
0.81464684,0.470185995102
0.64023995,0.563278257847
0.7120356,0.241623997688
0.49121723,0.270985990763
0.5547074,0.199468001723
0.5122038,0.132716998458
0.43086046,0.4732620120049999
0.5780258,0.6585559844969999
0.68479574,0.9621880054470001
0.93133897,0.511197984219
0.5561817,0.9829789996150001
0.9149754,0.910009980202
0.83768225,1.0265760421799999
1.0086389,0.830938994884
0.8348471,0.9651920199390001
0.97168356,1.00054395199
0.9833665,1.98318505287
1.5737599,1.27485501766
1.0265276,1.28652596474
1.2785633,1.3822449445700002
1.2702051,1.73692405224
1.4130018,1.25766801834
1.2081403,0.7533379793170001
0.93635345,1.0849089622499999
1.1687717,1.06249403954
1.0291883,0.778762996197
0.90470576,0.825646996498
0.9434947,0.989183008671
1.0009756,1.41809201241
1.2254918,1.15167796612
1.0503392,1.25036406517
1.1733472,0.879401981831
0.89555806,1.0894230604200001
1.0882604,1.8090629577599997
1.4876224,0.868739008904
0.92707014,0.8521729707719999
0.9653506,1.3078379631000001
1.2581291,1.2625759840000002
1.1141378,0.760155975819
0.87904197,1.06988704205
1.1127042,0.8579840064049999
0.8732937,1.14932394028
1.1506982,1.06714296341
1.0413439,0.740061998367
0.82795495,0.679988026619
0.8036621,0.7323921322820001
0.8702179,0.835274994373
0.86490685,0.600082993507
0.7610924,1.0105639696100002
0.99154997,0.761397004128
0.80152684,0.726006984711
0.8188377,1.06432402134
1.0215081,0.5901079773899999
0.6934012,0.774465978146
0.84209853,0.7406870126719999
0.8496482,0.8908360004429999
0.90541756,0.7620100975040001
0.8094493,0.777450025082
0.8061939,0.581107020378
0.75848097,0.7908779978749999
0.86297834,0.890371978283
0.86523396,0.788205981255
0.8375738,0.730194985867
0.80446875,0.9248933196069999
0.9364331,1.26558697224
1.0870149,0.7884140014650001
0.8515445,0.91806101799
0.95337117,0.656926989555
0.76029086,0.825268030167
0.8968663,0.42572298645999995
0.64074665,0.9114630222319999
0.96392715,0.7238519787790001
0.7950448,0.9657319784160001
0.93618566,0.719420015812
0.7782796,0.714648008347
0.80864775,0.618879973888
0.75522214,0.850296974182
0.84386265,0.611301481724
0.7438646,0.840580999851
0.8526308,0.590990006924
0.733373,1.1918078661
1.0900382,1.07247805595
0.9253212,0.7976800203319999
0.90053695,0.714037001133
0.8038824,0.8885610103610001
0.94371504,0.736729025841
0.7618923,0.9655410051350001
0.98960114,0.856945991516
0.88116366,0.583833992481
0.7408735,3.0475621223400005
2.0819423,0.8865389823909999
0.7983002,1.1864609718299999
1.2828999,0.87507301569
1.0098455,1.11197304726
1.2523113,0.692927002907
0.47856495,0.563274979591
0.80672264,0.551968991756
0.7986781,0.921135008335
0.9084561,0.546503007412
0.5645042,0.9997850060460001
0.9729257,0.75122398138
0.7696996,0.840256989002
0.8924094,0.784314990044
0.7999186,0.591548025608
0.72152394,0.610984027386
0.7497874,0.9328789711000001
0.9237842,0.799202024937
0.81636524,0.983354985714
0.979218,0.54052901268
0.68000156,1.0936700105700001
1.0094726,0.926633000374
0.90648854,0.797241985798
0.8823008,0.589605987072
0.7296414,0.7799540162090001
0.8434305,0.518279016018
0.6798253,0.7263879776000001
0.8369807,0.621636688709
0.74652517,0.881067991257
0.87343097,0.731501698494
0.787612,0.970385015011
0.95894146,0.871535003185
0.8652678,0.5505740046500001
0.67911696,0.257629990578
0.5487236,0.6952109932899999
0.7820163,0.35474300384499996
0.5801323,1.30835092068
1.1809189,1.42471003532
1.1643469,2.4222431182900004
1.8093896,1.58809316158
1.1487426,2.8828899860400004
2.188146,1.51081001759
1.254084,0.5103110075
0.8610261,0.663749992847
0.9670097,0.586565971375
0.95106983,0.9182999730109999
0.97139716,1.1263630390200001
1.1434892,0.9455379843709999
0.9635933,0.7979699969290001
0.8265653,0.88952600956
0.9003895,0.501745998859
0.66380405,0.788908004761
0.8853156,0.557146012783
0.7398601,0.8079270124439999
0.83147305,0.7382910251620001
0.8012828,0.6742079854009999
0.7720365,0.878771364689
0.88851166,0.7401880025859999
0.763326,0.8886500000949998
0.91932726,0.798327028751
0.8269636,0.513779997826
0.6756819,0.776037275791
0.85651326,0.852828025818
0.84704185,0.785162985325
0.87392414,0.8431609869
0.86661,1.02479887009
0.9717835,0.8044279813770001
0.8073361,0.8841310143469999
0.92260134,0.36156499385799995
0.6111309,1.1714910268799998
1.0630084,0.44779101014100003
0.6157641,0.766573011875
0.8859477,0.773559987545
0.8313917,1.05482304096
0.97278,0.784330010414
0.8168736,1.0342509746600002
1.0153632,1.09697902203
1.0001622,0.7633029818529999
0.8092189,0.5883730053899999
0.76210076,0.636563003063
0.79774606,0.575070023537
0.7214494,0.539964020252
0.71233046,1.32467114925
1.1789176,0.817846000195
0.79344505,0.635960996151
0.76270914,0.813592016697
0.8864544,0.987214028835
0.9554352,0.983928978443
0.92377234,0.590479016304
0.7289143,0.898679018021
0.9604819,0.626800000668
0.7289211,0.692685008049
0.7896134,0.575704991817
0.72638595,0.676468014717
0.8035621,0.827947020531
0.83540976,0.654785990715
0.7604078,1.0858155489
1.0188559,0.8509550094600001
0.8317764,0.887935996056
0.9159752,0.6557850241659999
0.7441747,0.659780979156
0.7953481,0.885627985001
0.9119352,0.750299990177
0.8229778,0.930316030979
0.9497615,0.7259460091590001
0.766212,0.7123904824259999
0.8264586,0.9326570034029998
0.9234741,0.654497027397
0.74364763,0.498726993799
0.6999714,0.9782410264020002
0.98629653,0.559324026108
0.65275836,0.8733990192409999
0.9028654,0.6232500076290001
0.7281839,0.631924986839
0.7576167,0.833535015583
0.8251994,0.861343026161
0.8920315,1.03601300716
0.9652185,0.6160370111469999
0.7309378,0.987452983856
0.978613,0.668673992157
0.76893866,0.645533978939
0.7366708,1.00703001022
1.0122756,0.7763000130650001
0.8131318,0.9358490109440001
0.9597888,0.6626719832419999
0.7465625,1.11335194111
1.0503223,0.54953199625
0.6695998,0.927363276482
0.9812465,0.821533024311
0.7932383,0.919354021549
1.0024263,0.6899859905239999
0.7931502,0.649773895741
0.7845752,0.970504999161
0.88351583,0.8034440279009999
0.8952801,0.8920990228650001
0.9238808,0.746227025986
0.78802896,1.4954074621200002
1.2639587,0.7597569823270001
0.7210918,0.967728018761
1.0940833,1.12601101398
1.0858829,0.764141976833
0.8010151,1.42381894588
1.2458141,0.830919027328
0.8476943,0.531687021255
0.7461015,0.694292008877
0.8133284,1.09710001945
1.0682534,0.86237102747
0.8099137,0.971195995808
0.9799145,0.750190496445
0.8259654,0.565989017487
0.7210732,0.7235890030859999
0.77963364,1.0888769626600001
1.0617663,0.261454999447
0.49903974,0.192316800356
0.51519823,0.204839006066
0.511631,0.375299990177
0.5973008,0.18789100647
0.4351971,0.417883992195
0.58790225,0.612834990025
0.7016118,0.48221001029
0.5501301,0.813664972782
0.80658877,0.899798989296
0.84596574,0.766745984554
0.7572913,0.6762999892229999
0.7372266,0.9804093837740001
0.9835715,1.07553303242
0.9444403,0.645973980427
0.7944144,0.76016998291
0.8386533,0.8707180023190001
0.9101812,1.04555702209
0.97971284,0.483233988285
0.6631635,1.08598899841
1.0618798,0.7320979833600001
0.785975,0.712899029255
0.805089,1.0453890562100001
1.0283222,0.735920011997
0.7716281,0.8956930041310001
0.94020367,0.874550998211
0.8896624,0.923747003078
0.9459909,0.9997780323030001
0.9562063,1.73953402042
1.416913,0.810788989067
0.831307,0.7049050331119999
0.86497295,0.832826972008
0.9583534,0.827660024166
0.90402114,0.8953109979629998
0.8884422,1.45950102806
1.2849317,1.17951905727
1.0529151,1.4434119463
1.2828879,1.30673503876
1.1307962,0.763499975204
0.8340015,1.1451480388600002
1.1645435,0.725345015526
0.8883473,0.76335901022
0.88545793,0.61748200655
0.7657646,1.02932298183
1.0748235,1.30205595493
1.155806,3.16412496567
2.2575405,0.9734439849850001
0.81803614,1.2296710014299999
1.2505167,0.744153022766
0.9310475,1.0630340576200001
1.1432519,1.1238720417
1.0466295,0.898477017879
1.0437164,0.7175139784810001
0.87571025,0.536750972271
0.73456264,1.17544305325
1.0891892,1.10104894638
1.0401509,0.573449015617
0.70564675,1.4311449527700002
1.2763618,1.0377949476200001
0.9437862,0.656862020493
0.79508376,1.0749080181100001
1.0948544,1.3859720230099999
1.2123954,1.0048049688299998
0.94196105,1.6095399856600001
1.4199244,2.8175759315499995
2.0622656,1.96256256104
1.5127236,1.27975201607
1.1982518,1.9953299760799998
1.7883945,2.03338599205
1.7158904,1.3074439764
1.2170507,1.61125802994
1.5258538,2.04021811485
1.7742594,2.18324494362
1.8084711,1.35141599178
1.2401997,0.7242180109020001
0.9982303,1.3633890152
1.3714318,1.52680897713
1.4070044,1.7840195894199997
1.5621006,1.10359704494
1.0293849,1.76300799847
1.6436237,1.15754902363
1.0526422,1.15332603455
1.1817425,2.3628110885599996
1.9271171,2.58078789711
1.9560736,1.24214696884
1.0899551,1.7128210067700003
1.608519,0.6676509976389999
0.9169192,0.8271329998970001
1.0637083,0.9642647504809999
1.0227096,1.3941617012
1.3405367,0.758404970169
0.87252605,0.690075993538
0.8723362,0.674024999142
0.8111508,0.861522018909
0.9038856,0.790746986866
0.830863,0.728500008583
0.8613159,0.24119800329199997
0.5323685,0.335460007191
0.534841,0.591246008873
0.7185973,1.0584269762
0.98491883,0.766991972923
0.8095595,0.588123977184
0.67832047,0.5922303199769999
0.7168433,0.875351011753
0.83609945,0.7038279771799999
0.8098832,0.567749977112
0.688363,0.713387012482
0.8129607,1.07750594616
0.9965899,0.690941989422
0.73280525,0.772458016872
0.8646391,0.7237120270730001
0.826162,0.9752489924429999
0.9143263,0.9151769876479999
0.90742743,0.757400989532
0.8298445,0.691206991673
0.7917555,1.1835279464700001
1.084766,0.7705749869349999
0.80220133,0.8947700262069999
0.9552827,0.614335000515
0.72534543,0.769231975079
0.877427,0.907074987888
0.9266956,0.40680998563799997
0.57377225,0.513888001442
0.7094818,0.24814699590199998
0.5645042,0.256875991821
0.4972824,0.598065972328
0.6512213,0.598169982433
0.7180262,0.880114018917
0.8534527,1.08564901352
0.9477381,0.9920129776000002
0.8912113,0.8743849992749999
0.8421951,0.8770260214810001
0.9206389,1.008928895
1.0055308,0.808875977993
0.77081126,0.6714209914210001
0.88829136,0.744962990284
0.8589891,0.694267988205
0.8093273,1.00188601017
0.9290732,0.793558001518
0.8371112,0.845004916191
0.9056616,0.803124010563
0.80767506,0.5744469761850001
0.715935,0.567972004414
0.72025126,0.453808009624
0.68838334,0.8494881391529999
0.8372196,0.40645998716399995
0.5932794,0.24535199999799998
0.5095093,2.32321810722
1.5521836,2.02711558342
1.7717785,1.5811179876299999
1.1348516,1.72704994678
1.4556358,1.15064203739
1.0285019,1.6079339981099998
1.4531616,1.33123397827
1.2636468,1.22164201736
1.1423352,1.58354198933
1.3727673,1.60866212845
1.3744518,2.18565392494
1.6397717,2.98955988884
2.279088,0.75744998455
0.75391555,1.8113440275200001
1.5531224,1.5279519558
1.4930198,0.889223575592
